# Asteroid 2023 BU Observations from MPC
# Downloaded on: 2025-10-04 18:39:31
# Format: YYYY MM DD.dddddd HH MM SS.sss HH MM SS.sss
# Source: https://www.minorplanetcenter.net/tmp2/2023_BU.txt

2023 01 21.342991 09 50 04.192 +43 47 13.29
2023 01 21.440059 09 49 14.025 +43 47 08.78
2023 01 21.995140 09 48 47.360 +43 41 03.00
2023 01 21.996610 09 48 46.670 +43 41 02.00
2023 01 21.998060 09 48 45.900 +43 41 00.80
2023 01 22.038811 09 49 06.640 +43 40 38.70
2023 01 22.041592 09 49 05.130 +43 40 40.40
2023 01 22.044184 09 49 03.810 +43 40 40.80
2023 01 22.081050 09 48 04.790 +43 38 43.20
2023 01 22.082700 09 48 04.020 +43 38 39.00
2023 01 22.084350 09 48 03.290 +43 38 34.80
2023 01 22.086181 09 48 43.678 +43 38 19.86
2023 01 22.092410 09 48 40.759 +43 38 16.26
2023 01 22.095527 09 48 39.218 +43 38 13.70
2023 01 22.154237 09 50 02.660 +43 35 01.80
2023 01 22.162433 09 50 00.980 +43 35 28.70
2023 01 22.172573 09 49 58.690 +43 36 02.40
2023 01 22.395713 09 48 12.380 +43 42 22.39
2023 01 22.400697 09 48 09.094 +43 42 17.89
2023 01 22.405661 09 48 05.789 +43 42 12.92
2023 01 22.410625 09 48 02.506 +43 42 07.09
2023 01 22.444789 09 47 40.250 +43 41 09.38
2023 01 22.449776 09 47 37.090 +43 40 58.30
2023 01 22.454741 09 47 33.940 +43 40 46.49
2023 01 22.459705 09 47 30.872 +43 40 34.28
2023 01 23.054015 09 47 07.840 +43 31 54.80
2023 01 23.071986 09 46 55.430 +43 31 37.20
2023 01 23.356291 09 46 39.695 +43 32 38.87
2023 01 23.366336 09 46 31.138 +43 32 35.34
2023 01 23.371357 09 46 26.900 +43 32 31.52
2023 01 23.376350 09 46 43.166 +43 28 25.64
2023 01 23.379380 09 46 40.831 +43 28 25.82
2023 01 23.396120 09 46 27.931 +43 28 23.23
2023 01 23.402150 09 46 23.328 +43 28 17.15
2023 01 23.408179 09 47 27.761 +43 34 06.46
2023 01 23.409985 09 47 26.345 +43 34 11.32
2023 01 23.413150 09 47 23.878 +43 34 18.52
2023 01 23.419044 09 47 18.986 +43 34 32.20
2023 01 23.482145 09 46 22.433 +43 35 41.62
2023 01 23.990340 09 45 19.997 +43 11 44.77
2023 01 23.992713 09 45 18.269 +43 11 45.96
2023 01 23.995041 09 45 16.507 +43 11 48.05
2023 01 23.997386 09 45 14.743 +43 11 49.49
2023 01 24.223670 09 45 33.797 +43 03 44.86
2023 01 24.226890 09 45 32.150 +43 03 56.84
2023 01 24.236060 09 45 26.918 +43 04 29.64
2023 01 24.239280 09 45 24.912 +43 04 40.30
2023 01 24.579217 09 40 33.260 +43 12 04.07
2023 01 24.579518 09 40 32.870 +43 12 02.23
2023 01 24.817730 09 42 40.090 +42 44 44.80
2023 01 24.819830 09 42 38.210 +42 44 50.20
2023 01 24.820926 09 43 00.580 +42 37 23.70
2023 01 24.821930 09 42 36.430 +42 44 56.60
2023 01 24.822744 09 42 59.680 +42 37 30.20
2023 01 24.826380 09 42 57.730 +42 37 44.00
2023 01 24.853947 09 42 34.058 +42 34 15.49
2023 01 24.869125 09 42 26.364 +42 34 45.34
2023 01 24.871777 09 42 24.732 +42 34 52.79
2023 01 24.872547 09 42 23.206 +42 35 09.82
2023 01 24.874496 09 42 23.026 +42 35 00.35
2023 01 24.877175 09 42 21.298 +42 35 07.98
2023 01 24.914320 09 40 54.280 +42 47 01.00
2023 01 24.915810 09 40 52.350 +42 47 00.20
2023 01 24.917290 09 40 50.480 +42 46 59.60
2023 01 24.970772 09 42 07.075 +42 48 41.27
2023 01 24.973726 09 42 03.624 +42 48 53.20
2023 01 24.976619 09 42 00.209 +42 49 04.66
2023 01 25.000300 09 41 33.260 +42 49 47.20
2023 01 25.008600 09 41 22.120 +42 50 11.40
2023 01 25.011640 09 41 14.498 +42 50 57.91
2023 01 25.016920 09 41 10.530 +42 50 32.50
2023 01 25.025380 09 40 54.650 +42 51 26.06
2023 01 25.039120 09 40 33.797 +42 51 44.86
2023 01 25.268300 09 39 37.901 +42 24 43.78
2023 01 25.269910 09 39 35.858 +42 24 47.70
2023 01 25.271520 09 39 33.720 +42 24 51.23
2023 01 25.280830 09 39 21.346 +42 25 12.36
2023 01 25.284050 09 39 16.942 +42 25 18.80
2023 01 25.287270 09 39 12.430 +42 25 24.42
2023 01 25.556680 09 37 12.450 +42 08 39.90
2023 01 25.558380 09 37 09.580 +42 08 44.50
2023 01 25.563850 09 37 00.240 +42 08 59.30
2023 01 25.703424 09 36 11.330 +41 30 24.11
2023 01 25.704962 09 36 09.996 +41 30 28.94
2023 01 25.705731 09 36 09.251 +41 30 32.13
2023 01 25.706500 09 36 08.455 +41 30 35.27
2023 01 25.758180 09 35 17.090 +41 28 25.70
2023 01 25.759680 09 35 15.220 +41 28 30.00
2023 01 25.761170 09 35 13.370 +41 28 33.80
2023 01 25.781713 09 35 12.410 +41 16 05.60
2023 01 25.789708 09 34 17.138 +41 34 12.65
2023 01 25.790471 09 34 15.550 +41 34 14.10
2023 01 25.791236 09 34 14.361 +41 34 14.72
2023 01 25.791999 09 34 13.024 +41 34 15.73
2023 01 25.793288 09 34 10.427 +41 34 17.82
2023 01 25.793823 09 34 09.491 +41 34 18.40
2023 01 25.796884 09 34 50.880 +41 17 22.60
2023 01 25.797334 09 34 03.108 +41 34 22.23
2023 01 25.797864 09 34 02.214 +41 34 22.67
2023 01 25.798153 09 34 49.610 +41 17 25.70
2023 01 25.798395 09 34 01.233 +41 34 23.16
2023 01 25.798926 09 34 00.298 +41 34 23.56
2023 01 25.799421 09 34 48.300 +41 17 28.90
2023 01 25.799456 09 33 59.337 +41 34 23.96
2023 01 25.799987 09 33 58.126 +41 34 24.84
2023 01 25.800517 09 33 57.158 +41 34 25.20
2023 01 25.800694 09 34 47.030 +41 17 32.10
2023 01 25.801048 09 33 56.207 +41 34 25.51
2023 01 25.801578 09 33 55.230 +41 34 25.96
2023 01 25.802107 09 33 54.280 +41 34 26.44
2023 01 25.802637 09 33 53.114 +41 34 26.92
2023 01 25.803166 09 33 52.048 +41 34 27.47
2023 01 25.803695 09 33 51.123 +41 34 27.66
2023 01 25.804226 09 33 50.173 +41 34 27.94
2023 01 25.804756 09 33 49.286 +41 34 27.97
2023 01 25.805285 09 33 48.134 +41 34 28.74
2023 01 25.805817 09 33 47.140 +41 34 29.05
2023 01 25.806875 09 33 45.112 +41 34 29.51
2023 01 25.807405 09 33 44.181 +41 34 29.72
2023 01 25.808115 09 33 42.473 +41 34 30.34
2023 01 25.808646 09 33 41.506 +41 34 30.58
2023 01 25.809177 09 33 40.553 +41 34 30.78
2023 01 25.809708 09 33 39.619 +41 34 30.75
2023 01 25.810238 09 33 38.482 +41 34 31.10
2023 01 25.810769 09 33 37.377 +41 34 31.45
2023 01 25.811300 09 33 36.257 +41 34 31.68
2023 01 25.811831 09 33 35.324 +41 34 31.57
2023 01 25.812383 09 33 34.314 +41 34 31.70
2023 01 25.812919 09 33 33.327 +41 34 31.78
2023 01 25.813457 09 33 32.117 +41 34 31.98
2023 01 25.813996 09 33 31.001 +41 34 32.07
2023 01 25.815067 09 33 29.063 +41 34 32.06
2023 01 25.815604 09 33 27.969 +41 34 32.13
2023 01 25.816142 09 33 26.754 +41 34 32.25
2023 01 25.816672 09 33 25.654 +41 34 32.41
2023 01 25.817730 09 33 23.525 +41 34 32.34
2023 01 25.818260 09 33 22.529 +41 34 32.14
2023 01 25.818789 09 33 21.353 +41 34 32.26
2023 01 25.819847 09 33 18.993 +41 34 32.26
2023 01 25.821444 09 33 15.824 +41 34 31.71
2023 01 25.821973 09 33 14.631 +41 34 31.74
2023 01 25.822503 09 33 13.329 +41 34 31.80
2023 01 25.823032 09 33 12.293 +41 34 31.35
2023 01 25.823562 09 33 11.329 +41 34 31.23
2023 01 25.824091 09 33 10.192 +41 34 30.93
2023 01 25.824620 09 33 09.100 +41 34 30.76
2023 01 25.825400 09 34 29.890 +41 18 10.60
2023 01 25.828855 09 32 59.992 +41 34 28.39
2023 01 25.830443 09 32 56.880 +41 34 27.07
2023 01 25.830973 09 32 55.657 +41 34 26.72
2023 01 25.831502 09 32 54.389 +41 34 26.29
2023 01 25.832032 09 32 53.254 +41 34 25.74
2023 01 25.832561 09 32 52.083 +41 34 25.41
2023 01 25.833090 09 32 51.036 +41 34 24.87
2023 01 25.833619 09 32 49.878 +41 34 24.34
2023 01 25.835393 09 32 45.948 +41 34 22.29
2023 01 25.835808 09 32 45.017 +41 34 22.06
2023 01 25.836223 09 32 44.017 +41 34 21.59
2023 01 25.837289 09 32 41.545 +41 34 20.26
2023 01 25.837588 09 32 40.999 +41 34 19.88
2023 01 25.837887 09 32 40.196 +41 34 19.59
2023 01 25.838184 09 32 39.645 +41 34 19.19
2023 01 25.838482 09 32 38.956 +41 34 18.72
2023 01 25.838780 09 32 38.208 +41 34 18.43
2023 01 25.839077 09 32 37.600 +41 34 18.05
2023 01 25.839375 09 32 36.967 +41 34 17.48
2023 01 25.840428 09 32 34.500 +41 34 16.23
2023 01 25.840843 09 32 33.754 +41 34 15.29
2023 01 25.841256 09 32 32.706 +41 34 14.83
2023 01 25.842083 09 32 30.845 +41 34 13.53
2023 01 25.842497 09 32 29.996 +41 34 13.04
2023 01 25.843737 09 32 27.004 +41 34 11.07
2023 01 25.844151 09 32 26.006 +41 34 10.19
2023 01 25.844564 09 32 25.080 +41 34 09.64
2023 01 25.845391 09 32 23.170 +41 34 08.22
2023 01 25.845805 09 32 22.376 +41 34 07.38
2023 01 25.846218 09 32 21.435 +41 34 06.63
2023 01 25.846631 09 32 20.285 +41 34 06.12
2023 01 25.847072 09 32 19.460 +41 34 05.21
2023 01 25.847494 09 32 18.596 +41 34 04.34
2023 01 25.847918 09 32 17.529 +41 34 03.50
2023 01 25.848331 09 32 16.458 +41 34 02.68
2023 01 25.848745 09 32 15.433 +41 34 01.79
2023 01 25.849159 09 32 14.533 +41 34 01.08
2023 01 25.849572 09 32 13.503 +41 34 00.25
2023 01 25.849986 09 32 12.472 +41 33 59.45
2023 01 25.850399 09 32 11.434 +41 33 58.36
2023 01 25.850813 09 32 10.612 +41 33 57.74
2023 01 25.851347 09 32 09.333 +41 33 56.36
2023 01 25.852174 09 32 07.266 +41 33 54.48
2023 01 25.852587 09 32 06.348 +41 33 53.78
2023 01 25.853001 09 32 05.593 +41 33 52.76
2023 01 25.853415 09 32 04.644 +41 33 51.82
2023 01 25.853829 09 32 03.468 +41 33 50.91
2023 01 25.854242 09 32 02.639 +41 33 49.83
2023 01 25.854656 09 32 01.753 +41 33 48.86
2023 01 25.855069 09 32 00.680 +41 33 47.72
2023 01 25.855483 09 31 59.564 +41 33 46.71
2023 01 25.855896 09 31 58.568 +41 33 45.71
2023 01 25.856310 09 31 57.646 +41 33 44.72
2023 01 25.856810 09 31 56.451 +41 33 43.44
2023 01 25.857224 09 31 55.412 +41 33 42.42
2023 01 25.857638 09 31 54.311 +41 33 41.19
2023 01 25.858051 09 31 53.279 +41 33 40.07
2023 01 25.858465 09 31 52.467 +41 33 39.04
2023 01 25.858878 09 31 51.495 +41 33 37.96
2023 01 25.859292 09 31 50.193 +41 33 36.33
2023 01 25.859706 09 31 49.458 +41 33 35.69
2023 01 25.860828 09 33 27.000 +41 19 43.50
2023 01 25.860947 09 31 46.459 +41 33 32.22
2023 01 25.862190 09 31 43.386 +41 33 28.52
2023 01 25.863018 09 31 41.300 +41 33 25.98
2023 01 25.863138 09 33 35.970 +41 19 38.30
2023 01 25.863300 09 33 35.550 +41 19 33.40
2023 01 25.864785 09 31 36.888 +41 33 20.45
2023 01 25.865201 09 31 35.959 +41 33 19.15
2023 01 25.866223 09 31 33.474 +41 33 15.84
2023 01 25.866688 09 33 16.920 +41 19 50.30
2023 01 25.867495 09 31 30.239 +41 33 11.56
2023 01 25.867911 09 31 29.153 +41 33 09.97
2023 01 25.868140 09 33 27.480 +41 19 41.40
2023 01 25.868327 09 31 28.414 +41 33 08.97
2023 01 25.868743 09 31 27.283 +41 33 07.21
2023 01 25.869158 09 31 26.181 +41 33 05.88
2023 01 25.869574 09 31 25.329 +41 33 04.42
2023 01 25.869990 09 31 24.346 +41 33 03.17
2023 01 25.870506 09 31 23.076 +41 33 01.15
2023 01 25.870920 09 31 21.864 +41 32 59.67
2023 01 25.871335 09 31 20.876 +41 32 58.02
2023 01 25.872164 09 31 18.818 +41 32 55.15
2023 01 25.872579 09 31 17.682 +41 32 53.40
2023 01 25.872631 09 33 06.310 +41 19 55.90
2023 01 25.872990 09 33 19.120 +41 19 49.00
2023 01 25.872993 09 31 16.544 +41 32 51.79
2023 01 25.873407 09 31 15.538 +41 32 50.27
2023 01 25.873821 09 31 14.482 +41 32 48.69
2023 01 25.874235 09 31 13.389 +41 32 46.87
2023 01 25.874650 09 31 12.248 +41 32 45.17
2023 01 25.875064 09 31 11.315 +41 32 43.70
2023 01 25.875478 09 31 10.531 +41 32 42.21
2023 01 25.876177 09 31 08.633 +41 32 39.50
2023 01 25.876591 09 31 07.553 +41 32 37.64
2023 01 25.876787 09 32 59.860 +41 21 59.54
2023 01 25.877016 09 31 06.432 +41 32 35.86
2023 01 25.877444 09 31 05.192 +41 32 34.00
2023 01 25.877870 09 31 04.055 +41 32 32.09
2023 01 25.878385 09 32 55.700 +41 20 00.10
2023 01 25.879029 09 32 55.501 +41 22 00.53
2023 01 25.879370 09 31 00.502 +41 32 25.97
2023 01 25.880199 09 30 58.231 +41 32 22.10
2023 01 25.881027 09 30 56.012 +41 32 18.45
2023 01 25.881517 09 32 50.714 +41 22 02.11
2023 01 25.882835 09 30 51.364 +41 32 10.41
2023 01 25.883134 09 30 50.692 +41 32 09.12
2023 01 25.883433 09 30 49.850 +41 32 07.73
2023 01 25.883733 09 30 49.046 +41 32 06.10
2023 01 25.883987 09 32 45.805 +41 22 02.94
2023 01 25.884032 09 30 48.273 +41 32 04.61
2023 01 25.884331 09 30 47.663 +41 32 03.68
2023 01 25.884631 09 30 46.693 +41 32 01.78
2023 01 25.884930 09 30 45.982 +41 32 00.29
2023 01 25.885229 09 30 45.256 +41 31 59.18
2023 01 25.885559 09 30 44.273 +41 31 57.57
2023 01 25.885633 09 32 42.524 +41 22 03.69
2023 01 25.885858 09 30 43.585 +41 31 56.14
2023 01 25.886157 09 30 42.812 +41 31 54.46
2023 01 25.886456 09 30 41.987 +41 31 53.07
2023 01 25.886755 09 30 41.114 +41 31 51.65
2023 01 25.887055 09 30 40.545 +41 31 50.36
2023 01 25.887354 09 30 39.598 +41 31 48.49
2023 01 25.887653 09 30 38.862 +41 31 46.84
2023 01 25.887951 09 30 38.128 +41 31 45.74
2023 01 25.888251 09 30 37.259 +41 31 44.22
2023 01 25.888550 09 30 36.503 +41 31 42.67
2023 01 25.889151 09 30 34.906 +41 31 39.49
2023 01 25.889449 09 30 34.054 +41 31 38.06
2023 01 25.889748 09 30 33.433 +41 31 36.59
2023 01 25.890047 09 30 32.477 +41 31 34.84
2023 01 25.890647 09 30 30.950 +41 31 31.76
2023 01 25.891103 09 30 29.770 +41 31 29.24
2023 01 25.891402 09 30 29.017 +41 31 27.87
2023 01 25.891701 09 30 28.028 +41 31 25.94
2023 01 25.892000 09 30 27.445 +41 31 24.74
2023 01 25.892299 09 30 26.563 +41 31 22.93
2023 01 25.892597 09 30 25.747 +41 31 21.32
2023 01 25.892897 09 30 25.060 +41 31 19.71
2023 01 25.893196 09 30 24.198 +41 31 18.05
2023 01 25.893495 09 30 23.337 +41 31 16.42
2023 01 25.893794 09 30 22.662 +41 31 14.93
2023 01 25.894849 09 30 19.699 +41 31 08.88
2023 01 25.895148 09 30 19.041 +41 31 07.19
2023 01 25.895447 09 30 18.123 +41 31 05.30
2023 01 25.895747 09 30 17.380 +41 31 03.60
2023 01 25.896045 09 30 16.609 +41 31 01.90
2023 01 25.896345 09 30 15.766 +41 31 00.37
2023 01 25.896644 09 30 14.884 +41 30 58.45
2023 01 25.896944 09 30 14.241 +41 30 57.04
2023 01 25.897243 09 30 13.289 +41 30 54.94
2023 01 25.897542 09 30 12.624 +41 30 53.34
2023 01 25.897841 09 30 11.757 +41 30 51.59
2023 01 25.898440 09 30 10.105 +41 30 48.01
2023 01 25.898739 09 30 09.380 +41 30 46.15
2023 01 25.899038 09 30 08.482 +41 30 44.44
2023 01 25.899339 09 30 07.613 +41 30 42.40
2023 01 25.899638 09 30 07.045 +41 30 41.05
2023 01 25.899938 09 30 06.038 +41 30 38.99
2023 01 25.900238 09 30 05.271 +41 30 37.18
2023 01 25.900323 09 31 56.280 +41 21 18.30
2023 01 25.900450 09 32 26.760 +41 20 18.70
2023 01 25.900537 09 30 04.454 +41 30 35.32
2023 01 25.901360 09 31 54.010 +41 21 17.50
2023 01 25.901434 09 30 02.098 +41 30 29.90
2023 01 25.901734 09 30 01.176 +41 30 27.89
2023 01 25.902034 09 30 00.300 +41 30 25.77
2023 01 25.902333 09 29 59.723 +41 30 24.38
2023 01 25.902398 09 31 51.680 +41 21 16.00
2023 01 25.902633 09 29 58.738 +41 30 22.14
2023 01 25.902932 09 29 57.981 +41 30 20.47
2023 01 25.903312 09 29 56.865 +41 30 17.67
2023 01 25.903434 09 31 49.390 +41 21 14.80
2023 01 25.903611 09 29 56.154 +41 30 15.98
2023 01 25.903930 09 29 55.220 +41 30 13.88
2023 01 25.904468 09 31 47.090 +41 21 13.00
2023 01 25.906616 09 29 47.823 +41 29 56.18
2023 01 25.906916 09 29 47.151 +41 29 54.35
2023 01 25.907216 09 29 46.288 +41 29 52.35
2023 01 25.907516 09 29 45.328 +41 29 49.78
2023 01 25.908115 09 29 43.756 +41 29 46.15
2023 01 25.909913 09 29 38.834 +41 29 33.74
2023 01 25.913812 09 29 27.973 +41 29 05.74
2023 01 25.914712 09 29 25.376 +41 28 58.96
2023 01 25.915012 09 29 24.816 +41 28 57.37
2023 01 25.915312 09 29 23.778 +41 28 54.73
2023 01 25.915612 09 29 22.915 +41 28 52.48
2023 01 25.915912 09 29 21.966 +41 28 50.03
2023 01 25.917412 09 29 17.823 +41 28 38.42
2023 01 25.918312 09 29 15.448 +41 28 31.89
2023 01 25.922530 09 31 38.380 +41 20 04.60
2023 01 25.923000 09 31 37.060 +41 20 03.60
2023 01 25.923460 09 31 35.850 +41 20 03.00
2023 01 25.923920 09 31 34.810 +41 20 02.70
2023 01 25.927990 09 31 25.670 +41 19 57.50
2023 01 25.928704 09 31 24.150 +41 20 02.10
2023 01 25.929150 09 31 22.930 +41 19 55.90
2023 01 25.930590 09 31 19.480 +41 19 53.50
2023 01 25.932040 09 31 16.020 +41 19 51.20
2023 01 25.933490 09 31 12.530 +41 19 48.50
2023 01 25.934202 09 28 30.283 +41 26 16.55
2023 01 25.936043 09 28 25.023 +41 25 59.30
2023 01 25.936345 09 28 24.021 +41 25 56.09
2023 01 25.936647 09 28 23.148 +41 25 53.09
2023 01 25.936949 09 28 22.368 +41 25 50.55
2023 01 25.937251 09 28 21.387 +41 25 47.36
2023 01 25.937553 09 28 20.603 +41 25 44.57
2023 01 25.937855 09 28 19.770 +41 25 41.89
2023 01 25.938457 09 28 17.846 +41 25 35.55
2023 01 25.938757 09 28 17.183 +41 25 33.22
2023 01 25.939057 09 28 16.156 +41 25 29.89
2023 01 25.939357 09 28 15.293 +41 25 26.91
2023 01 25.939658 09 28 14.531 +41 25 24.31
2023 01 25.939958 09 28 13.670 +41 25 21.27
2023 01 25.940258 09 28 12.713 +41 25 18.16
2023 01 25.940558 09 28 11.903 +41 25 15.33
2023 01 25.940859 09 28 11.067 +41 25 12.51
2023 01 25.941159 09 28 09.972 +41 25 08.79
2023 01 25.946275 09 27 55.209 +41 24 16.74
2023 01 25.946576 09 27 54.259 +41 24 13.63
2023 01 25.946876 09 27 53.562 +41 24 10.98
2023 01 25.947176 09 27 52.484 +41 24 07.14
2023 01 25.947477 09 27 51.713 +41 24 04.31
2023 01 25.947777 09 27 50.891 +41 24 01.17
2023 01 25.948078 09 27 50.096 +41 23 58.31
2023 01 25.948379 09 27 48.924 +41 23 54.29
2023 01 25.948670 09 32 39.050 +41 26 38.40
2023 01 25.948981 09 27 47.285 +41 23 48.11
2023 01 25.950757 09 27 42.136 +41 23 28.85
2023 01 25.951059 09 27 41.023 +41 23 25.16
2023 01 25.951361 09 27 40.441 +41 23 22.70
2023 01 25.951520 09 32 32.578 +41 26 47.94
2023 01 25.951663 09 27 39.350 +41 23 18.49
2023 01 25.951966 09 27 38.493 +41 23 15.38
2023 01 25.952268 09 27 37.717 +41 23 12.56
2023 01 25.952570 09 27 36.783 +41 23 08.93
2023 01 25.952872 09 27 35.822 +41 23 05.53
2023 01 25.953175 09 27 35.052 +41 23 02.18
2023 01 25.953475 09 27 34.146 +41 22 58.91
2023 01 25.953775 09 27 33.092 +41 22 54.84
2023 01 25.954077 09 27 32.435 +41 22 52.14
2023 01 25.954377 09 27 31.378 +41 22 48.21
2023 01 25.954678 09 27 30.477 +41 22 44.92
2023 01 25.954950 09 32 24.636 +41 26 58.52
2023 01 25.955315 09 27 28.729 +41 22 38.28
2023 01 25.955616 09 27 27.743 +41 22 34.23
2023 01 25.955917 09 27 26.956 +41 22 31.11
2023 01 25.956518 09 27 25.002 +41 22 23.56
2023 01 25.957120 09 27 23.304 +41 22 16.97
2023 01 25.957420 09 27 22.437 +41 22 13.47
2023 01 25.957508 09 30 11.840 +41 18 50.20
2023 01 25.957721 09 27 21.551 +41 22 10.18
2023 01 25.958022 09 27 20.746 +41 22 06.82
2023 01 25.958323 09 27 19.683 +41 22 02.78
2023 01 25.958623 09 27 18.961 +41 21 59.97
2023 01 25.958924 09 27 18.060 +41 21 56.18
2023 01 25.959225 09 27 17.044 +41 21 52.27
2023 01 25.959525 09 27 16.336 +41 21 49.26
2023 01 25.959826 09 27 15.377 +41 21 45.38
2023 01 25.960126 09 27 14.404 +41 21 41.77
2023 01 25.960427 09 27 13.582 +41 21 38.30
2023 01 25.960728 09 27 12.790 +41 21 34.93
2023 01 25.961028 09 27 11.710 +41 21 30.85
2023 01 25.961329 09 27 11.021 +41 21 27.79
2023 01 25.961630 09 27 10.055 +41 21 23.92
2023 01 25.961931 09 27 09.022 +41 21 20.02
2023 01 25.962232 09 27 08.323 +41 21 17.05
2023 01 25.962532 09 27 07.372 +41 21 12.99
2023 01 25.962600 09 32 10.530 +41 26 07.00
2023 01 25.962833 09 27 06.371 +41 21 09.28
2023 01 25.963134 09 27 05.593 +41 21 05.79
2023 01 25.963434 09 27 04.791 +41 21 02.03
2023 01 25.963735 09 27 03.665 +41 20 57.89
2023 01 25.964337 09 27 01.993 +41 20 50.70
2023 01 25.964638 09 27 01.010 +41 20 46.88
2023 01 25.964938 09 27 00.186 +41 20 43.46
2023 01 25.966555 09 26 55.360 +41 20 23.32
2023 01 25.966858 09 26 54.381 +41 20 19.23
2023 01 25.967161 09 26 53.663 +41 20 16.29
2023 01 25.967463 09 26 52.677 +41 20 11.90
2023 01 25.967765 09 26 51.774 +41 20 07.96
2023 01 25.968369 09 26 50.070 +41 20 00.64
2023 01 25.969273 09 26 47.311 +41 19 48.85
2023 01 25.969659 09 26 46.165 +41 19 43.87
2023 01 25.969960 09 26 45.255 +41 19 39.93
2023 01 25.970261 09 26 44.349 +41 19 36.12
2023 01 25.970562 09 26 43.514 +41 19 32.47
2023 01 25.970863 09 26 42.432 +41 19 27.78
2023 01 25.970930 09 31 50.150 +41 26 27.90
2023 01 25.971163 09 26 41.773 +41 19 24.86
2023 01 25.971464 09 26 40.737 +41 19 20.29
2023 01 25.971766 09 26 39.834 +41 19 16.38
2023 01 25.972067 09 26 39.051 +41 19 13.01
2023 01 25.972368 09 26 38.101 +41 19 08.51
2023 01 25.972669 09 26 37.111 +41 19 04.45
2023 01 25.972970 09 26 36.327 +41 19 00.89
2023 01 25.973270 09 26 35.471 +41 18 57.06
2023 01 25.973572 09 26 34.337 +41 18 51.81
2023 01 25.973872 09 26 33.735 +41 18 49.23
2023 01 25.974174 09 26 32.664 +41 18 44.54
2023 01 25.974474 09 26 31.761 +41 18 40.58
2023 01 25.974775 09 26 30.945 +41 18 36.74
2023 01 25.975435 09 26 28.885 +41 18 27.41
2023 01 25.975735 09 26 28.038 +41 18 23.61
2023 01 25.976036 09 26 27.227 +41 18 20.06
2023 01 25.976339 09 26 26.173 +41 18 15.44
2023 01 25.976640 09 26 25.436 +41 18 11.94
2023 01 25.976942 09 26 24.401 +41 18 07.35
2023 01 25.977243 09 26 23.481 +41 18 03.16
2023 01 25.977544 09 26 22.586 +41 17 58.96
2023 01 25.977845 09 26 21.792 +41 17 54.87
2023 01 25.978448 09 26 19.976 +41 17 46.99
2023 01 25.979250 09 31 28.760 +41 26 44.00
2023 01 25.982241 09 26 08.648 +41 16 53.82
2023 01 25.984961 09 26 00.438 +41 16 14.54
2023 01 25.985262 09 25 59.455 +41 16 09.99
2023 01 25.985564 09 25 58.760 +41 16 06.46
2023 01 25.986467 09 25 56.023 +41 15 53.35
2023 01 25.987990 09 31 05.330 +41 26 55.60
2023 01 25.988945 09 25 48.411 +41 15 15.64
2023 01 25.989246 09 25 47.744 +41 15 12.43
2023 01 25.989547 09 25 46.683 +41 15 06.88
2023 01 25.990150 09 25 44.819 +41 14 57.87
2023 01 25.991119 09 25 41.854 +41 14 43.05
2023 01 25.991185 09 28 52.210 +41 05 39.80
2023 01 25.991420 09 25 41.214 +41 14 39.67
2023 01 25.991749 09 25 40.080 +41 14 33.84
2023 01 25.992085 09 25 39.041 +41 14 28.70
2023 01 25.992412 09 25 38.044 +41 14 23.46
2023 01 25.992747 09 25 37.135 +41 14 19.00
2023 01 25.993384 09 25 35.083 +41 14 08.32
2023 01 25.993685 09 25 34.408 +41 14 04.89
2023 01 25.994376 09 28 28.260 +41 15 39.20
2023 01 25.996132 09 28 39.026 +41 05 07.22
2023 01 26.000051 09 25 15.166 +41 12 24.11
2023 01 26.000360 09 25 14.365 +41 12 19.63
2023 01 26.000662 09 25 13.382 +41 12 14.48
2023 01 26.001079 09 28 25.771 +41 04 32.77
2023 01 26.001264 09 25 11.677 +41 12 05.52
2023 01 26.001566 09 25 10.621 +41 11 59.64
2023 01 26.001868 09 25 09.798 +41 11 54.73
2023 01 26.002169 09 25 08.729 +41 11 49.40
2023 01 26.002471 09 25 07.963 +41 11 45.08
2023 01 26.002772 09 25 06.951 +41 11 39.82
2023 01 26.003074 09 25 06.300 +41 11 36.17
2023 01 26.003375 09 25 05.209 +41 11 30.17
2023 01 26.004280 09 25 02.538 +41 11 15.41
2023 01 26.005203 09 24 59.796 +41 11 00.40
2023 01 26.005582 09 24 58.656 +41 10 54.10
2023 01 26.005768 09 24 58.136 +41 10 51.09
2023 01 26.005962 09 24 57.478 +41 10 47.45
2023 01 26.006028 09 28 12.247 +41 03 56.16
2023 01 26.006149 09 24 56.962 +41 10 44.61
2023 01 26.006335 09 24 56.504 +41 10 42.01
2023 01 26.006520 09 24 55.818 +41 10 38.13
2023 01 26.006707 09 24 55.312 +41 10 35.33
2023 01 26.006893 09 24 54.721 +41 10 31.71
2023 01 26.007078 09 24 54.165 +41 10 28.97
2023 01 26.007266 09 24 53.587 +41 10 25.27
2023 01 26.007452 09 24 53.119 +41 10 23.18
2023 01 26.007638 09 24 52.452 +41 10 19.20
2023 01 26.007824 09 24 51.953 +41 10 16.35
2023 01 26.008108 09 24 51.107 +41 10 11.43
2023 01 26.008294 09 24 50.537 +41 10 08.24
2023 01 26.008479 09 24 50.039 +41 10 05.62
2023 01 26.008665 09 24 49.491 +41 10 02.25
2023 01 26.008852 09 24 48.890 +41 09 59.10
2023 01 26.009225 09 24 47.773 +41 09 52.75
2023 01 26.009411 09 24 47.210 +41 09 49.61
2023 01 26.010984 09 27 58.570 +41 03 17.46
2023 01 26.011060 09 24 42.289 +41 09 21.29
2023 01 26.011248 09 24 41.700 +41 09 18.18
2023 01 26.011435 09 24 41.135 +41 09 14.92
2023 01 26.011622 09 24 40.620 +41 09 11.59
2023 01 26.011995 09 24 39.616 +41 09 05.42
2023 01 26.012182 09 24 38.923 +41 09 01.95
2023 01 26.012368 09 24 38.395 +41 08 58.68
2023 01 26.013559 09 27 05.150 +41 13 11.80
2023 01 26.018929 09 26 48.340 +41 12 16.80
2023 01 26.022506 09 26 37.050 +41 11 38.10
2023 01 26.024288 09 26 31.440 +41 11 19.10
2023 01 26.029647 09 26 14.350 +41 10 17.10
2023 01 26.038490 09 26 11.390 +41 08 58.00
2023 01 26.067739 09 25 16.157 +40 53 20.65
2023 01 26.071681 09 25 03.960 +40 52 27.41
2023 01 26.075630 09 24 51.696 +40 51 32.65
2023 01 26.079484 09 24 39.670 +40 50 37.57
2023 01 26.081236 09 23 50.050 +40 59 04.80
2023 01 26.083339 09 24 27.583 +40 49 40.91
2023 01 26.166039 09 19 06.560 +40 28 51.20
2023 01 26.204940 09 27 10.937 +40 12 52.78
2023 01 26.207490 09 27 04.642 +40 12 48.82
2023 01 26.208101 09 16 55.300 +40 08 44.10
2023 01 26.210050 09 26 58.222 +40 12 45.00
2023 01 26.226880 09 26 12.974 +40 12 09.65
2023 01 26.229420 09 26 05.688 +40 12 02.45
2023 01 26.231980 09 25 58.277 +40 11 55.36
2023 01 26.246949 09 15 05.030 +39 47 27.40
2023 01 26.346690 09 15 12.220 +39 59 03.80
2023 01 26.350100 09 14 54.380 +39 57 33.80
2023 01 26.353360 09 14 37.230 +39 56 05.70
2023 01 26.354999 09 15 20.741 +40 11 51.50
2023 01 26.369530 09 13 58.253 +40 05 42.06
2023 01 26.374287 09 13 30.861 +40 03 30.85
2023 01 26.665630 09 06 06.930 +35 09 06.90
2023 01 26.666360 09 06 03.590 +35 08 31.50
2023 01 26.667000 09 06 00.670 +35 08 01.00
2023 01 26.688309 09 04 11.880 +35 02 53.79
2023 01 26.688494 09 04 10.681 +35 02 43.89
2023 01 26.688679 09 04 09.583 +35 02 34.75
2023 01 26.691765 09 03 49.532 +34 59 48.97
2023 01 26.691890 09 03 48.722 +34 59 42.02
2023 01 26.692017 09 03 47.835 +34 59 35.04
2023 01 26.692142 09 03 47.033 +34 59 28.30
2023 01 26.692319 09 03 45.891 +34 59 18.87
2023 01 26.692444 09 03 45.007 +34 59 11.74
2023 01 26.692609 09 03 43.946 +34 59 03.00
2023 01 26.692734 09 03 43.137 +34 58 56.07
2023 01 26.692859 09 03 42.304 +34 58 49.31
2023 01 26.693108 09 03 40.653 +34 58 35.79
2023 01 26.693232 09 03 39.825 +34 58 29.14
2023 01 26.693356 09 03 39.020 +34 58 22.43
2023 01 26.693480 09 03 38.192 +34 58 15.38
2023 01 26.693604 09 03 37.350 +34 58 08.56
2023 01 26.693728 09 03 36.529 +34 58 01.58
2023 01 26.693880 09 03 35.501 +34 57 53.33
2023 01 26.694004 09 03 34.668 +34 57 46.66
2023 01 26.694128 09 03 33.852 +34 57 39.82
2023 01 26.694252 09 03 32.986 +34 57 32.85
2023 01 26.694376 09 03 32.160 +34 57 26.05
2023 01 26.694500 09 03 31.354 +34 57 19.42
2023 01 26.694624 09 03 30.520 +34 57 12.47
2023 01 26.694748 09 03 29.655 +34 57 05.41
2023 01 26.694872 09 03 28.830 +34 56 58.83
2023 01 26.694996 09 03 27.999 +34 56 51.90
2023 01 26.695120 09 03 27.160 +34 56 45.14
2023 01 26.695244 09 03 26.329 +34 56 37.91
2023 01 26.695369 09 03 25.465 +34 56 31.35
2023 01 26.695493 09 03 24.642 +34 56 24.33
2023 01 26.695617 09 03 23.789 +34 56 17.53
2023 01 26.695744 09 03 22.937 +34 56 10.35
2023 01 26.695869 09 03 22.063 +34 56 03.59
2023 01 26.695993 09 03 21.207 +34 55 56.60
2023 01 26.696117 09 03 20.354 +34 55 49.59
2023 01 26.696241 09 03 19.509 +34 55 42.58
2023 01 26.696365 09 03 18.678 +34 55 35.86
2023 01 26.696489 09 03 17.782 +34 55 28.59
2023 01 26.696613 09 03 16.974 +34 55 21.69
2023 01 26.696738 09 03 16.141 +34 55 14.99
2023 01 26.696862 09 03 15.318 +34 55 08.14
2023 01 26.696986 09 03 14.394 +34 55 00.50
2023 01 26.697110 09 03 13.560 +34 54 53.86
2023 01 26.697234 09 03 12.735 +34 54 47.10
2023 01 26.697358 09 03 11.839 +34 54 39.71
2023 01 26.697482 09 03 10.983 +34 54 32.90
2023 01 26.697607 09 03 10.157 +34 54 26.00
2023 01 26.697731 09 03 09.308 +34 54 19.08
2023 01 26.697854 09 03 08.401 +34 54 11.95
2023 01 26.697979 09 03 07.582 +34 54 04.97
2023 01 26.698103 09 03 06.723 +34 53 57.98
2023 01 26.698227 09 03 05.810 +34 53 50.78
2023 01 26.698350 09 03 04.949 +34 53 44.00
2023 01 26.698475 09 03 04.114 +34 53 36.85
2023 01 26.698599 09 03 03.261 +34 53 29.94
2023 01 26.698723 09 03 02.406 +34 53 22.91
2023 01 26.698847 09 03 01.496 +34 53 15.81
2023 01 26.698971 09 03 00.663 +34 53 08.85
2023 01 26.699095 09 02 59.748 +34 53 01.39
2023 01 26.699219 09 02 58.869 +34 52 54.43
2023 01 26.699343 09 02 58.035 +34 52 47.32
2023 01 26.699467 09 02 57.187 +34 52 40.60
2023 01 26.699592 09 02 56.307 +34 52 33.59
2023 01 26.699716 09 02 55.364 +34 52 26.04
2023 01 26.699840 09 02 54.541 +34 52 18.98
2023 01 26.699964 09 02 53.687 +34 52 12.25
2023 01 26.700088 09 02 52.783 +34 52 05.01
2023 01 26.700213 09 02 51.889 +34 51 57.75
2023 01 26.702614 09 02 34.719 +34 49 38.85
2023 01 26.702739 09 02 33.868 +34 49 31.65
2023 01 26.702865 09 02 32.891 +34 49 23.95
2023 01 26.702990 09 02 32.003 +34 49 16.87
2023 01 26.703116 09 02 31.116 +34 49 09.63
2023 01 26.703240 09 02 30.195 +34 49 02.28
2023 01 26.703364 09 02 29.300 +34 48 54.91
2023 01 26.703488 09 02 28.386 +34 48 47.80
2023 01 26.703612 09 02 27.454 +34 48 40.00
2023 01 26.703737 09 02 26.572 +34 48 33.14
2023 01 26.703986 09 02 24.755 +34 48 18.73
2023 01 26.704110 09 02 23.845 +34 48 10.87
2023 01 26.704234 09 02 22.921 +34 48 03.60
2023 01 26.704359 09 02 22.044 +34 47 56.42
2023 01 26.704483 09 02 21.177 +34 47 49.55
2023 01 26.704607 09 02 20.207 +34 47 41.76
2023 01 26.704731 09 02 19.284 +34 47 34.29
2023 01 26.704855 09 02 18.423 +34 47 27.14
2023 01 26.704980 09 02 17.517 +34 47 19.95
2023 01 26.705104 09 02 16.530 +34 47 12.20
2023 01 26.705228 09 02 15.644 +34 47 04.75
2023 01 26.705384 09 02 14.484 +34 46 55.71
2023 01 26.705508 09 02 13.538 +34 46 48.07
2023 01 26.705632 09 02 12.642 +34 46 40.71
2023 01 26.705757 09 02 11.722 +34 46 33.53
2023 01 26.705881 09 02 10.835 +34 46 26.02
2023 01 26.706005 09 02 09.875 +34 46 18.40
2023 01 26.706129 09 02 08.963 +34 46 11.18
2023 01 26.706253 09 02 08.085 +34 46 03.86
2023 01 26.706377 09 02 07.091 +34 45 56.46
2023 01 26.706501 09 02 06.188 +34 45 48.76
2023 01 26.706626 09 02 05.290 +34 45 41.47
2023 01 26.706749 09 02 04.365 +34 45 34.14
2023 01 26.706873 09 02 03.354 +34 45 26.15
2023 01 26.706997 09 02 02.472 +34 45 19.03
2023 01 26.707121 09 02 01.574 +34 45 11.37
2023 01 26.707245 09 02 00.612 +34 45 04.08
2023 01 26.707369 09 01 59.670 +34 44 56.54
2023 01 26.707494 09 01 58.738 +34 44 48.93
2023 01 26.707618 09 01 57.846 +34 44 41.62
2023 01 26.707866 09 01 55.910 +34 44 26.26
2023 01 26.707990 09 01 55.026 +34 44 19.10
2023 01 26.708114 09 01 54.066 +34 44 11.18
2023 01 26.708238 09 01 53.139 +34 44 03.73
2023 01 26.708362 09 01 52.187 +34 43 56.18
2023 01 26.708486 09 01 51.286 +34 43 48.79
2023 01 26.708610 09 01 50.263 +34 43 40.86
2023 01 26.708734 09 01 49.345 +34 43 33.41
2023 01 26.708858 09 01 48.447 +34 43 26.29
2023 01 26.708982 09 01 47.475 +34 43 18.68
2023 01 26.709106 09 01 46.470 +34 43 10.30
2023 01 26.709230 09 01 45.563 +34 43 03.08
2023 01 26.709354 09 01 44.640 +34 42 55.88
2023 01 26.709652 09 01 42.334 +34 42 37.13
2023 01 26.710115 09 01 38.782 +34 42 08.62
2023 01 26.710347 09 01 37.005 +34 41 54.56
2023 01 26.710578 09 01 35.215 +34 41 40.06
2023 01 26.710810 09 01 33.429 +34 41 26.01
2023 01 26.711041 09 01 31.647 +34 41 11.52
2023 01 26.711273 09 01 29.850 +34 40 57.42
2023 01 26.711504 09 01 28.022 +34 40 42.75
2023 01 26.711736 09 01 26.214 +34 40 28.11
2023 01 26.711967 09 01 24.404 +34 40 13.85
2023 01 26.712199 09 01 22.622 +34 39 59.33
2023 01 26.712430 09 01 20.788 +34 39 44.69
2023 01 26.712662 09 01 18.961 +34 39 30.38
2023 01 26.712893 09 01 17.134 +34 39 15.67
2023 01 26.716176 09 00 50.889 +34 35 46.58
2023 01 26.716408 09 00 49.007 +34 35 31.49
2023 01 26.716639 09 00 47.138 +34 35 16.51
2023 01 26.716871 09 00 45.237 +34 35 01.55
2023 01 26.717103 09 00 43.363 +34 34 46.67
2023 01 26.717334 09 00 41.467 +34 34 31.40
2023 01 26.717566 09 00 39.554 +34 34 16.48
2023 01 26.717797 09 00 37.647 +34 34 01.28
2023 01 26.719124 09 00 26.672 +34 32 34.15
2023 01 26.719355 09 00 24.767 +34 32 18.94
2023 01 26.719587 09 00 22.814 +34 32 03.60
2023 01 26.719818 09 00 20.907 +34 31 48.22
2023 01 26.720050 09 00 18.942 +34 31 32.95
2023 01 26.720281 09 00 16.997 +34 31 17.63
2023 01 26.720744 09 00 13.111 +34 30 46.57
2023 01 26.720976 09 00 11.160 +34 30 31.24
2023 01 26.721207 09 00 09.184 +34 30 15.58
2023 01 26.721439 09 00 07.249 +34 30 00.13
2023 01 26.721670 09 00 05.270 +34 29 44.70
2023 01 26.721902 09 00 03.326 +34 29 28.95
2023 01 26.722133 09 00 01.354 +34 29 13.49
2023 01 26.722365 08 59 59.361 +34 28 57.62
2023 01 26.722596 08 59 57.343 +34 28 41.73
2023 01 26.722828 08 59 55.409 +34 28 26.54
2023 01 26.723059 08 59 53.382 +34 28 10.45
2023 01 26.723291 08 59 51.422 +34 27 54.80
2023 01 26.723522 08 59 49.406 +34 27 38.92
2023 01 26.723754 08 59 47.423 +34 27 23.28
2023 01 26.723985 08 59 45.402 +34 27 07.25
2023 01 26.724217 08 59 43.414 +34 26 51.37
2023 01 26.724448 08 59 41.384 +34 26 35.37
2023 01 26.724680 08 59 39.394 +34 26 19.49
2023 01 26.724911 08 59 37.352 +34 26 03.39
2023 01 26.728594 08 59 04.719 +34 21 45.60
2023 01 26.728826 08 59 02.630 +34 21 29.34
2023 01 26.729057 08 59 00.575 +34 21 12.70
2023 01 26.729289 08 58 58.457 +34 20 56.40
2023 01 26.729520 08 58 56.360 +34 20 39.61
2023 01 26.729752 08 58 54.259 +34 20 22.84
2023 01 26.729983 08 58 52.137 +34 20 06.33
2023 01 26.730215 08 58 50.016 +34 19 49.71
2023 01 26.730678 08 58 45.773 +34 19 15.92
2023 01 26.730909 08 58 43.680 +34 18 59.42
2023 01 26.731141 08 58 41.567 +34 18 42.61
2023 01 26.731372 08 58 39.426 +34 18 25.89
2023 01 26.731604 08 58 37.272 +34 18 08.81
2023 01 26.731835 08 58 35.136 +34 17 52.15
2023 01 26.732067 08 58 32.981 +34 17 34.84
2023 01 26.732530 08 58 28.713 +34 17 01.17
2023 01 26.732761 08 58 26.518 +34 16 44.17
2023 01 26.732993 08 58 24.353 +34 16 26.99
2023 01 26.733224 08 58 22.216 +34 16 10.18
2023 01 26.733456 08 58 20.045 +34 15 52.78
2023 01 26.733687 08 58 17.888 +34 15 35.56
2023 01 26.733919 08 58 15.701 +34 15 18.55
2023 01 26.734150 08 58 13.539 +34 15 01.49
2023 01 26.734382 08 58 11.314 +34 14 44.09
2023 01 26.734613 08 58 09.149 +34 14 27.03
2023 01 26.734845 08 58 06.921 +34 14 09.51
2023 01 26.735076 08 58 04.748 +34 13 52.19
2023 01 26.735308 08 58 02.561 +34 13 34.90
2023 01 26.735539 08 58 00.356 +34 13 17.27
2023 01 26.735770 08 57 58.131 +34 13 00.11
2023 01 26.736002 08 57 55.919 +34 12 42.50
2023 01 26.736465 08 57 51.476 +34 12 07.25
2023 01 26.736697 08 57 49.236 +34 11 49.97
2023 01 26.736928 08 57 46.997 +34 11 32.08
2023 01 26.737160 08 57 44.782 +34 11 14.64
2023 01 26.737391 08 57 42.516 +34 10 56.96
2023 01 26.737623 08 57 40.295 +34 10 39.20
2023 01 26.737854 08 57 38.057 +34 10 21.63
2023 01 26.745509 08 56 21.137 +34 00 13.93
2023 01 26.745741 08 56 18.746 +33 59 55.13
2023 01 26.745972 08 56 16.316 +33 59 35.95
2023 01 26.745980 08 57 45.490 +33 06 45.50
2023 01 26.746801 08 57 39.570 +33 05 34.00
2023 01 26.747745 08 57 32.660 +33 04 11.70
2023 01 26.748481 08 57 27.210 +33 03 07.20
2023 01 26.749259 08 57 21.430 +33 01 58.60
2023 01 26.750743 08 55 25.734 +33 52 55.33
2023 01 26.750974 08 55 23.186 +33 52 35.17
2023 01 26.751206 08 55 20.725 +33 52 15.45
2023 01 26.751438 08 55 18.158 +33 51 55.17
2023 01 26.751669 08 55 15.666 +33 51 35.33
2023 01 26.751900 08 55 13.122 +33 51 15.16
2023 01 26.752132 08 55 10.606 +33 50 55.32
2023 01 26.752363 08 55 08.063 +33 50 35.01
2023 01 26.752595 08 55 05.516 +33 50 14.89
2023 01 26.752826 08 55 02.973 +33 49 54.72
2023 01 26.753058 08 55 00.437 +33 49 34.56
2023 01 26.755300 08 54 35.520 +33 46 16.48
2023 01 26.755531 08 54 32.897 +33 45 55.30
2023 01 26.755763 08 54 30.308 +33 45 35.19
2023 01 26.755994 08 54 27.620 +33 45 14.25
2023 01 26.756226 08 54 25.022 +33 44 52.97
2023 01 26.756457 08 54 22.428 +33 44 32.02
2023 01 26.756689 08 54 19.756 +33 44 11.25
2023 01 26.756920 08 54 17.188 +33 43 50.00
2023 01 26.757152 08 54 14.502 +33 43 29.44
2023 01 26.757384 08 54 11.854 +33 43 08.15
2023 01 26.757615 08 54 09.137 +33 42 47.29
2023 01 26.757846 08 54 06.589 +33 42 25.84
2023 01 26.758078 08 54 03.891 +33 42 04.58
2023 01 26.758309 08 54 01.246 +33 41 43.74
2023 01 26.758541 08 53 58.549 +33 41 21.84
2023 01 26.758772 08 53 55.879 +33 41 00.69
2023 01 26.759004 08 53 53.186 +33 40 39.43
2023 01 26.759235 08 53 50.570 +33 40 18.14
2023 01 26.759467 08 53 47.755 +33 39 56.42
2023 01 26.759698 08 53 45.197 +33 39 35.32
2023 01 26.759930 08 53 42.377 +33 39 14.16
2023 01 26.760161 08 53 39.734 +33 38 51.57
2023 01 26.760624 08 53 34.310 +33 38 09.01
2023 01 26.760856 08 53 31.563 +33 37 47.08
2023 01 26.761087 08 53 28.904 +33 37 25.20
2023 01 26.761319 08 53 26.147 +33 37 02.74
2023 01 26.761550 08 53 23.458 +33 36 41.89
2023 01 26.761782 08 53 20.629 +33 36 19.62
2023 01 26.762013 08 53 17.861 +33 35 57.72
2023 01 26.762245 08 53 15.102 +33 35 35.25
2023 01 26.762476 08 53 12.418 +33 35 12.86
2023 01 26.764605 08 52 46.805 +33 31 47.93
2023 01 26.764837 08 52 44.015 +33 31 25.31
2023 01 26.765068 08 52 41.166 +33 31 02.86
2023 01 26.765300 08 52 38.366 +33 30 39.97
2023 01 26.765531 08 52 35.535 +33 30 17.43
2023 01 26.765763 08 52 32.667 +33 29 54.63
2023 01 26.765994 08 52 29.868 +33 29 31.88
2023 01 26.766267 08 52 26.506 +33 29 04.65
2023 01 26.766383 08 52 25.068 +33 28 53.37
2023 01 26.766499 08 52 23.659 +33 28 41.98
2023 01 26.766615 08 52 22.239 +33 28 30.11
2023 01 26.766730 08 52 20.806 +33 28 18.87
2023 01 26.766846 08 52 19.368 +33 28 07.57
2023 01 26.766962 08 52 17.959 +33 27 55.88
2023 01 26.767078 08 52 16.488 +33 27 44.11
2023 01 26.767194 08 52 15.091 +33 27 32.79
2023 01 26.767309 08 52 13.667 +33 27 21.27
2023 01 26.767425 08 52 12.187 +33 27 09.63
2023 01 26.767541 08 52 10.790 +33 26 58.37
2023 01 26.767657 08 52 09.319 +33 26 46.55
2023 01 26.767772 08 52 07.922 +33 26 34.80
2023 01 26.767888 08 52 06.443 +33 26 23.14
2023 01 26.768004 08 52 04.982 +33 26 11.36
2023 01 26.768120 08 52 03.563 +33 25 59.96
2023 01 26.768235 08 52 02.140 +33 25 48.50
2023 01 26.768351 08 52 00.664 +33 25 36.86
2023 01 26.768467 08 51 59.170 +33 25 24.69
2023 01 26.768583 08 51 57.764 +33 25 13.38
2023 01 26.768698 08 51 56.293 +33 25 01.51
2023 01 26.768814 08 51 54.868 +33 24 49.87
2023 01 26.769046 08 51 51.972 +33 24 26.18
2023 01 26.769161 08 51 50.507 +33 24 14.70
2023 01 26.769277 08 51 49.037 +33 24 02.93
2023 01 26.769393 08 51 47.558 +33 23 51.03
2023 01 26.769509 08 51 46.103 +33 23 39.20
2023 01 26.769624 08 51 44.659 +33 23 27.47
2023 01 26.769740 08 51 43.143 +33 23 15.43
2023 01 26.769972 08 51 40.254 +33 22 51.80
2023 01 26.770087 08 51 38.816 +33 22 40.00
2023 01 26.770203 08 51 37.295 +33 22 28.06
2023 01 26.770319 08 51 35.840 +33 22 16.22
2023 01 26.770435 08 51 34.363 +33 22 04.48
2023 01 26.770550 08 51 32.914 +33 21 52.70
2023 01 26.770666 08 51 31.473 +33 21 40.55
2023 01 26.770782 08 51 29.949 +33 21 28.57
2023 01 26.770898 08 51 28.469 +33 21 16.37
2023 01 26.771013 08 51 26.996 +33 21 04.68
2023 01 26.771129 08 51 25.503 +33 20 52.44
2023 01 26.771245 08 51 24.043 +33 20 40.54
2023 01 26.771361 08 51 22.544 +33 20 28.55
2023 01 26.771476 08 51 21.075 +33 20 16.48
2023 01 26.771592 08 51 19.569 +33 20 04.58
2023 01 26.774819 08 50 37.518 +33 14 23.43
2023 01 26.774910 08 50 36.331 +33 14 13.90
2023 01 26.775001 08 50 35.147 +33 14 04.15
2023 01 26.775091 08 50 33.955 +33 13 54.54
2023 01 26.775182 08 50 32.755 +33 13 44.72
2023 01 26.775271 08 50 31.577 +33 13 35.07
2023 01 26.775540 08 50 28.020 +33 13 06.07
2023 01 26.775630 08 50 26.804 +33 12 56.14
2023 01 26.775720 08 50 25.603 +33 12 46.46
2023 01 26.775810 08 50 24.420 +33 12 36.85
2023 01 26.775900 08 50 23.213 +33 12 27.00
2023 01 26.775990 08 50 22.032 +33 12 17.47
2023 01 26.776170 08 50 19.617 +33 11 57.48
2023 01 26.776260 08 50 18.413 +33 11 47.90
2023 01 26.776350 08 50 17.224 +33 11 38.24
2023 01 26.776439 08 50 16.014 +33 11 28.35
2023 01 26.776530 08 50 14.808 +33 11 18.47
2023 01 26.776619 08 50 13.604 +33 11 08.72
2023 01 26.776709 08 50 12.403 +33 10 58.89
2023 01 26.776799 08 50 11.208 +33 10 49.10
2023 01 26.776889 08 50 09.985 +33 10 39.18
2023 01 26.776979 08 50 08.807 +33 10 29.38
2023 01 26.777070 08 50 07.557 +33 10 19.19
2023 01 26.777160 08 50 06.360 +33 10 09.70
2023 01 26.777250 08 50 05.144 +33 09 59.88
2023 01 26.777340 08 50 03.948 +33 09 50.02
2023 01 26.777430 08 50 02.701 +33 09 39.86
2023 01 26.777520 08 50 01.503 +33 09 29.82
2023 01 26.777611 08 50 00.264 +33 09 19.92
2023 01 26.777701 08 49 59.060 +33 09 09.99
2023 01 26.777791 08 49 57.835 +33 09 00.06
2023 01 26.777881 08 49 56.613 +33 08 49.92
2023 01 26.777972 08 49 55.381 +33 08 40.12
2023 01 26.778062 08 49 54.171 +33 08 29.86
2023 01 26.778152 08 49 52.958 +33 08 20.08
2023 01 26.778243 08 49 51.733 +33 08 09.92
2023 01 26.781260 08 49 10.255 +33 02 30.10
2023 01 26.781444 08 49 07.691 +33 02 09.65
2023 01 26.781735 08 49 03.661 +33 01 35.74
2023 01 26.781815 08 49 02.537 +33 01 26.48
2023 01 26.781895 08 49 01.430 +33 01 17.56
2023 01 26.781975 08 49 00.323 +33 01 07.97
2023 01 26.782209 08 48 57.016 +33 00 41.05
2023 01 26.782287 08 48 55.918 +33 00 32.13
2023 01 26.782365 08 48 54.841 +33 00 22.94
2023 01 26.782443 08 48 53.732 +33 00 14.10
2023 01 26.782521 08 48 52.666 +33 00 04.70
2023 01 26.782599 08 48 51.551 +32 59 55.71
2023 01 26.782676 08 48 50.443 +32 59 47.06
2023 01 26.782754 08 48 49.381 +32 59 38.00
2023 01 26.782832 08 48 48.254 +32 59 28.76
2023 01 26.782911 08 48 47.184 +32 59 19.51
2023 01 26.782989 08 48 46.028 +32 59 10.59
2023 01 26.783068 08 48 44.938 +32 59 01.99
2023 01 26.783146 08 48 43.815 +32 58 52.37
2023 01 26.783225 08 48 42.694 +32 58 43.04
2023 01 26.783303 08 48 41.622 +32 58 33.95
2023 01 26.783381 08 48 40.522 +32 58 25.06
2023 01 26.783459 08 48 39.385 +32 58 15.90
2023 01 26.783537 08 48 38.312 +32 58 06.65
2023 01 26.783615 08 48 37.212 +32 57 57.68
2023 01 26.783694 08 48 36.076 +32 57 48.33
2023 01 26.783772 08 48 34.953 +32 57 39.45
2023 01 26.783850 08 48 33.845 +32 57 30.06
2023 01 26.783929 08 48 32.741 +32 57 20.68
2023 01 26.784087 08 48 30.480 +32 57 02.21
2023 01 26.784245 08 48 28.235 +32 56 43.70
2023 01 26.784324 08 48 27.102 +32 56 34.36
2023 01 26.784403 08 48 26.005 +32 56 24.71
2023 01 26.784481 08 48 24.871 +32 56 15.79
2023 01 26.784560 08 48 23.733 +32 56 06.24
2023 01 26.784638 08 48 22.601 +32 55 57.50
2023 01 26.784717 08 48 21.477 +32 55 47.44
2023 01 26.784795 08 48 20.378 +32 55 38.82
2023 01 26.784874 08 48 19.253 +32 55 29.33
2023 01 26.785031 08 48 16.967 +32 55 10.56
2023 01 26.785110 08 48 15.853 +32 55 01.36
2023 01 26.785188 08 48 14.708 +32 54 51.89
2023 01 26.785346 08 48 12.426 +32 54 33.18
2023 01 26.785425 08 48 11.355 +32 54 23.90
2023 01 26.785582 08 48 09.067 +32 54 04.85
2023 01 26.785661 08 48 07.860 +32 53 55.55
2023 01 26.785740 08 48 06.801 +32 53 46.34
2023 01 26.785898 08 48 04.502 +32 53 27.25
2023 01 26.785977 08 48 03.364 +32 53 17.65
2023 01 26.789038 08 47 18.493 +32 47 05.19
2023 01 26.789118 08 47 17.271 +32 46 55.25
2023 01 26.789198 08 47 16.095 +32 46 45.16
2023 01 26.789277 08 47 14.923 +32 46 35.56
2023 01 26.789356 08 47 13.725 +32 46 25.55
2023 01 26.789436 08 47 12.562 +32 46 15.98
2023 01 26.789515 08 47 11.402 +32 46 05.96
2023 01 26.789594 08 47 10.189 +32 45 56.30
2023 01 26.789673 08 47 09.018 +32 45 46.29
2023 01 26.789752 08 47 07.856 +32 45 36.46
2023 01 26.789831 08 47 06.670 +32 45 26.54
2023 01 26.789910 08 47 05.519 +32 45 16.82
2023 01 26.789990 08 47 04.300 +32 45 06.90
2023 01 26.790069 08 47 03.102 +32 44 56.96
2023 01 26.790148 08 47 01.929 +32 44 46.91
2023 01 26.790228 08 47 00.736 +32 44 37.03
2023 01 26.790307 08 46 59.532 +32 44 27.12
2023 01 26.790387 08 46 58.378 +32 44 17.25
2023 01 26.790466 08 46 57.160 +32 44 07.28
2023 01 26.790545 08 46 55.968 +32 43 57.21
2023 01 26.790704 08 46 53.594 +32 43 37.42
2023 01 26.790783 08 46 52.397 +32 43 27.11
2023 01 26.790862 08 46 51.191 +32 43 17.23
2023 01 26.790941 08 46 50.011 +32 43 07.43
2023 01 26.791021 08 46 48.807 +32 42 57.31
2023 01 26.791100 08 46 47.572 +32 42 47.51
2023 01 26.791179 08 46 46.428 +32 42 37.31
2023 01 26.791259 08 46 45.209 +32 42 27.47
2023 01 26.791418 08 46 42.819 +32 42 07.61
2023 01 26.791498 08 46 41.597 +32 41 56.99
2023 01 26.791577 08 46 40.389 +32 41 46.85
2023 01 26.791939 08 46 34.871 +32 41 01.02
2023 01 26.792018 08 46 33.684 +32 40 50.68
2023 01 26.792098 08 46 32.483 +32 40 40.72
2023 01 26.792178 08 46 31.267 +32 40 30.50
2023 01 26.792257 08 46 30.055 +32 40 20.68
2023 01 26.793786 08 46 06.609 +32 37 03.44
2023 01 26.793867 08 46 05.371 +32 36 52.98
2023 01 26.793948 08 46 04.109 +32 36 42.35
2023 01 26.794028 08 46 02.888 +32 36 31.95
2023 01 26.795952 08 45 32.889 +32 32 18.19
2023 01 26.796032 08 45 31.616 +32 32 07.74
2023 01 26.796113 08 45 30.333 +32 31 57.33
2023 01 26.796163 08 49 57.930 +31 39 02.00
2023 01 26.796193 08 45 29.084 +32 31 46.89
2023 01 26.796354 08 45 26.553 +32 31 25.29
2023 01 26.796434 08 45 25.311 +32 31 14.42
2023 01 26.796518 08 45 23.970 +32 31 03.86
2023 01 26.796599 08 45 22.687 +32 30 52.46
2023 01 26.796838 08 45 18.966 +32 30 20.67
2023 01 26.796998 08 45 16.435 +32 29 58.78
2023 01 26.797078 08 45 15.072 +32 29 48.51
2023 01 26.797157 08 45 13.850 +32 29 37.90
2023 01 26.797237 08 45 12.537 +32 29 26.83
2023 01 26.797317 08 45 11.272 +32 29 15.81
2023 01 26.797396 08 45 10.018 +32 29 05.52
2023 01 26.797477 08 45 08.801 +32 28 54.27
2023 01 26.797557 08 45 07.475 +32 28 43.69
2023 01 26.797637 08 45 06.222 +32 28 33.14
2023 01 26.797717 08 45 04.919 +32 28 22.15
2023 01 26.797796 08 45 03.612 +32 28 11.48
2023 01 26.797876 08 45 02.418 +32 28 00.45
2023 01 26.797957 08 45 01.100 +32 27 50.38
2023 01 26.798117 08 44 58.560 +32 27 27.90
2023 01 26.798197 08 44 57.279 +32 27 16.74
2023 01 26.798277 08 44 55.949 +32 27 06.34
2023 01 26.798357 08 44 54.675 +32 26 55.93
2023 01 26.798518 08 44 52.170 +32 26 33.44
2023 01 26.798598 08 44 50.744 +32 26 23.72
2023 01 26.798678 08 44 49.528 +32 26 11.64
2023 01 26.798758 08 44 48.245 +32 26 00.57
2023 01 26.798838 08 44 46.955 +32 25 49.64
2023 01 26.798918 08 44 45.700 +32 25 38.17
2023 01 26.798998 08 44 44.374 +32 25 27.88
2023 01 26.799078 08 44 43.137 +32 25 16.64
2023 01 26.799158 08 44 41.795 +32 25 05.04
2023 01 26.799239 08 44 40.509 +32 24 54.86
2023 01 26.799319 08 44 39.194 +32 24 43.83
2023 01 26.801903 08 43 56.950 +32 18 43.22
2023 01 26.801984 08 43 55.629 +32 18 31.44
2023 01 26.802065 08 43 54.299 +32 18 20.29
2023 01 26.802147 08 43 52.941 +32 18 08.52
2023 01 26.802227 08 43 51.591 +32 17 57.57
2023 01 26.802307 08 43 50.260 +32 17 45.91
2023 01 26.802388 08 43 48.916 +32 17 34.28
2023 01 26.802467 08 43 47.583 +32 17 22.84
2023 01 26.802548 08 43 46.280 +32 17 11.74
2023 01 26.802629 08 43 44.916 +32 17 00.13
2023 01 26.802709 08 43 43.618 +32 16 48.70
2023 01 26.802789 08 43 42.242 +32 16 37.28
2023 01 26.802869 08 43 40.937 +32 16 25.90
2023 01 26.802950 08 43 39.614 +32 16 13.99
2023 01 26.803111 08 43 36.927 +32 15 51.19
2023 01 26.803191 08 43 35.590 +32 15 39.73
2023 01 26.803271 08 43 34.225 +32 15 28.34
2023 01 26.803352 08 43 32.884 +32 15 16.82
2023 01 26.803432 08 43 31.536 +32 15 05.33
2023 01 26.803512 08 43 30.208 +32 14 53.93
2023 01 26.803592 08 43 28.877 +32 14 42.05
2023 01 26.803672 08 43 27.510 +32 14 30.55
2023 01 26.803752 08 43 26.170 +32 14 18.69
2023 01 26.803833 08 43 24.797 +32 14 07.36
2023 01 26.803913 08 43 23.514 +32 13 56.03
2023 01 26.803994 08 43 22.141 +32 13 44.02
2023 01 26.804074 08 43 20.773 +32 13 32.66
2023 01 26.804154 08 43 19.387 +32 13 20.59
2023 01 26.804235 08 43 18.082 +32 13 09.63
2023 01 26.804316 08 43 16.684 +32 12 57.28
2023 01 26.804396 08 43 15.336 +32 12 45.49
2023 01 26.804476 08 43 13.999 +32 12 34.08
2023 01 26.804557 08 43 12.616 +32 12 22.39
2023 01 26.804637 08 43 11.257 +32 12 10.51
2023 01 26.804807 08 43 08.400 +32 11 45.92
2023 01 26.804888 08 43 07.012 +32 11 34.24
2023 01 26.804968 08 43 05.658 +32 11 22.28
2023 01 26.805049 08 43 04.285 +32 11 10.34
2023 01 26.806522 08 47 50.220 +31 15 29.60
2023 01 26.806696 08 47 48.030 +31 15 05.10
2023 01 26.806782 08 47 46.900 +31 14 52.20
2023 01 26.806973 08 47 44.430 +31 14 25.30
2023 01 26.807211 08 47 41.280 +31 13 50.50
2023 01 26.807452 08 42 23.092 +32 05 14.37
2023 01 26.807615 08 42 20.276 +32 04 49.80
2023 01 26.807696 08 42 18.857 +32 04 37.89
2023 01 26.807777 08 42 17.464 +32 04 25.43
2023 01 26.807857 08 42 16.044 +32 04 13.45
2023 01 26.807938 08 42 14.633 +32 04 01.19
2023 01 26.808018 08 42 13.268 +32 03 49.26
2023 01 26.808098 08 42 11.866 +32 03 36.93
2023 01 26.808179 08 42 10.469 +32 03 24.68
2023 01 26.808260 08 42 09.068 +32 03 12.45
2023 01 26.808341 08 42 07.675 +32 03 00.21
2023 01 26.808422 08 42 06.226 +32 02 47.74
2023 01 26.808503 08 42 04.823 +32 02 35.55
2023 01 26.808583 08 42 03.423 +32 02 23.57
2023 01 26.808745 08 42 00.582 +32 01 58.87
2023 01 26.808825 08 41 59.161 +32 01 45.81
2023 01 26.808906 08 41 57.789 +32 01 33.98
2023 01 26.808987 08 41 56.357 +32 01 21.86
2023 01 26.809067 08 41 54.937 +32 01 09.66
2023 01 26.809148 08 41 53.511 +32 00 57.09
2023 01 26.809228 08 41 52.098 +32 00 44.81
2023 01 26.809309 08 41 50.681 +32 00 32.56
2023 01 26.809390 08 41 49.291 +32 00 20.09
2023 01 26.809470 08 41 47.868 +32 00 07.79
2023 01 26.809550 08 41 46.398 +31 59 55.38
2023 01 26.809631 08 41 45.032 +31 59 42.91
2023 01 26.809711 08 41 43.618 +31 59 30.67
2023 01 26.809792 08 41 42.191 +31 59 18.39
2023 01 26.809872 08 41 40.760 +31 59 06.03
2023 01 26.809954 08 41 39.306 +31 58 53.19
2023 01 26.810116 08 41 36.446 +31 58 28.33
2023 01 26.810197 08 41 35.039 +31 58 15.95
2023 01 26.810359 08 41 32.141 +31 57 50.58
2023 01 26.810440 08 41 30.719 +31 57 38.23
2023 01 26.810521 08 41 29.297 +31 57 25.41
2023 01 26.810601 08 41 27.839 +31 57 12.86
2023 01 26.810682 08 41 26.413 +31 57 00.69
2023 01 26.810763 08 41 24.901 +31 56 46.89
2023 01 26.810844 08 41 23.525 +31 56 35.36
2023 01 26.810925 08 41 22.093 +31 56 22.72
2023 01 26.811005 08 41 20.645 +31 56 10.01
2023 01 26.811086 08 41 19.188 +31 55 58.01
2023 01 26.811168 08 41 17.734 +31 55 44.59
2023 01 26.811248 08 41 16.304 +31 55 32.23
2023 01 26.811329 08 41 14.794 +31 55 19.57
2023 01 26.811410 08 41 13.420 +31 55 06.77
2023 01 26.811491 08 41 11.970 +31 54 53.99
2023 01 26.811572 08 41 10.518 +31 54 41.46
2023 01 26.811653 08 41 09.016 +31 54 28.85
2023 01 26.811735 08 41 07.587 +31 54 15.44
2023 01 26.815382 08 40 01.070 +31 44 29.44
2023 01 26.815463 08 39 59.611 +31 44 16.32
2023 01 26.815544 08 39 58.088 +31 44 03.11
2023 01 26.815625 08 39 56.589 +31 43 49.73
2023 01 26.815706 08 39 55.051 +31 43 36.37
2023 01 26.815787 08 39 53.552 +31 43 23.00
2023 01 26.815868 08 39 52.062 +31 43 09.76
2023 01 26.815949 08 39 50.569 +31 42 56.54
2023 01 26.816030 08 39 49.025 +31 42 43.13
2023 01 26.816111 08 39 47.535 +31 42 29.62
2023 01 26.816192 08 39 46.018 +31 42 16.08
2023 01 26.816274 08 39 44.503 +31 42 02.63
2023 01 26.816355 08 39 42.988 +31 41 49.16
2023 01 26.816435 08 39 41.492 +31 41 36.01
2023 01 26.818865 08 38 55.583 +31 34 47.17
2023 01 26.818947 08 38 54.042 +31 34 32.80
2023 01 26.819029 08 38 52.465 +31 34 19.18
2023 01 26.819112 08 38 50.913 +31 34 04.96
2023 01 26.819194 08 38 49.296 +31 33 50.60
2023 01 26.819277 08 38 47.730 +31 33 36.87
2023 01 26.819360 08 38 46.118 +31 33 22.41
2023 01 26.819443 08 38 44.549 +31 33 08.20
2023 01 26.819606 08 38 41.399 +31 32 40.05
2023 01 26.819687 08 38 39.818 +31 32 26.37
2023 01 26.819769 08 38 38.246 +31 32 12.03
2023 01 26.819851 08 38 36.687 +31 31 58.33
2023 01 26.819932 08 38 35.127 +31 31 44.22
2023 01 26.820013 08 38 33.582 +31 31 29.91
2023 01 26.820094 08 38 31.965 +31 31 15.66
2023 01 26.820176 08 38 30.460 +31 31 01.65
2023 01 26.820258 08 38 28.863 +31 30 47.80
2023 01 26.820339 08 38 27.294 +31 30 33.59
2023 01 26.820420 08 38 25.685 +31 30 19.19
2023 01 26.820584 08 38 22.557 +31 29 50.98
2023 01 26.820665 08 38 20.947 +31 29 36.65
2023 01 26.820747 08 38 19.385 +31 29 22.58
2023 01 26.820829 08 38 17.783 +31 29 08.24
2023 01 26.820910 08 38 16.240 +31 28 54.42
2023 01 26.820993 08 38 14.620 +31 28 39.72
2023 01 26.821074 08 38 13.043 +31 28 25.69
2023 01 26.821155 08 38 11.445 +31 28 11.70
2023 01 26.821236 08 38 09.898 +31 27 57.42
2023 01 26.821317 08 38 08.262 +31 27 42.58
2023 01 26.821399 08 38 06.725 +31 27 28.53
2023 01 26.821480 08 38 05.095 +31 27 14.20
2023 01 26.821561 08 38 03.543 +31 27 00.42
2023 01 26.821771 08 37 59.429 +31 26 22.92
2023 01 26.821852 08 37 57.840 +31 26 08.45
2023 01 26.821934 08 37 56.203 +31 25 54.42
2023 01 26.822015 08 37 54.606 +31 25 40.57
2023 01 26.822096 08 37 53.054 +31 25 25.40
2023 01 26.822178 08 37 51.481 +31 25 11.80
2023 01 26.822259 08 37 49.863 +31 24 56.90
2023 01 26.822340 08 37 48.267 +31 24 42.48
2023 01 26.822407 08 43 41.153 +29 59 34.48
2023 01 26.822421 08 37 46.658 +31 24 28.00
2023 01 26.822502 08 37 45.075 +31 24 13.75
2023 01 26.822870 08 43 34.690 +29 58 11.78
2023 01 26.823333 08 43 28.181 +29 56 48.91
2023 01 26.823796 08 43 21.605 +29 55 25.18
2023 01 26.824262 08 43 15.022 +29 54 01.08
2023 01 26.824734 08 43 08.280 +29 52 34.72
2023 01 26.824875 08 36 57.874 +31 17 06.05
2023 01 26.824958 08 36 56.181 +31 16 50.96
2023 01 26.825041 08 36 54.540 +31 16 35.89
2023 01 26.825058 08 43 03.648 +29 51 35.57
2023 01 26.825124 08 36 52.847 +31 16 20.47
2023 01 26.825206 08 36 51.208 +31 16 05.45
2023 01 26.825290 08 36 49.494 +31 15 49.97
2023 01 26.825373 08 36 47.848 +31 15 34.72
2023 01 26.825456 08 36 46.148 +31 15 19.40
2023 01 26.825540 08 36 44.436 +31 15 04.16
2023 01 26.825621 08 36 42.836 +31 14 49.43
2023 01 26.825703 08 36 41.192 +31 14 33.77
2023 01 26.825784 08 36 39.550 +31 14 18.84
2023 01 26.825840 08 40 21.264 +32 10 44.66
2023 01 26.825866 08 36 37.862 +31 14 03.59
2023 01 26.825948 08 36 36.195 +31 13 48.71
2023 01 26.826029 08 36 34.545 +31 13 33.37
2023 01 26.826086 08 48 21.236 +30 50 37.23
2023 01 26.826111 08 36 32.853 +31 13 18.43
2023 01 26.826192 08 36 31.169 +31 13 03.25
2023 01 26.826274 08 36 29.581 +31 12 48.62
2023 01 26.826355 08 36 27.931 +31 12 33.35
2023 01 26.826437 08 36 26.248 +31 12 17.59
2023 01 26.826520 08 36 24.562 +31 12 02.39
2023 01 26.826601 08 36 22.875 +31 11 47.30
2023 01 26.826673 08 40 04.450 +32 08 33.24
2023 01 26.826685 08 36 21.192 +31 11 32.03
2023 01 26.826711 08 48 13.118 +30 49 01.95
2023 01 26.826766 08 36 19.516 +31 11 16.70
2023 01 26.826848 08 36 17.845 +31 11 01.35
2023 01 26.826930 08 36 16.195 +31 10 46.27
2023 01 26.827011 08 36 14.529 +31 10 30.48
2023 01 26.827093 08 36 12.853 +31 10 15.21
2023 01 26.827175 08 36 11.176 +31 09 59.93
2023 01 26.827257 08 36 09.465 +31 09 44.55
2023 01 26.827339 08 36 07.811 +31 09 29.19
2023 01 26.827420 08 36 06.189 +31 09 13.65
2023 01 26.827502 08 36 04.450 +31 08 58.09
2023 01 26.827583 08 36 02.812 +31 08 42.98
2023 01 26.827781 08 35 58.664 +31 08 05.88
2023 01 26.827863 08 35 56.997 +31 07 50.02
2023 01 26.827945 08 35 55.298 +31 07 34.63
2023 01 26.827961 08 47 56.856 +30 45 52.17
2023 01 26.828027 08 35 53.658 +31 07 19.25
2023 01 26.828109 08 35 51.937 +31 07 03.76
2023 01 26.828190 08 35 50.259 +31 06 48.03
2023 01 26.828272 08 35 48.522 +31 06 32.14
2023 01 26.828354 08 35 46.871 +31 06 17.36
2023 01 26.828436 08 35 45.131 +31 06 01.10
2023 01 26.828517 08 35 43.445 +31 05 46.08
2023 01 26.828875 08 47 44.769 +30 43 32.99
2023 01 26.828977 08 39 17.256 +32 02 22.79
2023 01 26.829532 08 39 05.650 +32 00 51.35
2023 01 26.830125 08 47 27.957 +30 40 18.43
2023 01 26.830751 08 47 19.564 +30 38 40.49
2023 01 26.831179 08 34 47.539 +30 57 10.37
2023 01 26.831199 08 38 30.696 +31 56 14.67
2023 01 26.831262 08 34 45.830 +30 56 54.06
2023 01 26.831344 08 34 44.090 +30 56 38.18
2023 01 26.831426 08 34 42.365 +30 56 21.69
2023 01 26.831508 08 34 40.591 +30 56 05.54
2023 01 26.831589 08 34 38.852 +30 55 49.10
2023 01 26.831670 08 34 37.165 +30 55 33.40
2023 01 26.831752 08 34 35.417 +30 55 17.18
2023 01 26.831834 08 34 33.627 +30 55 00.45
2023 01 26.831915 08 34 31.894 +30 54 44.83
2023 01 26.831996 08 34 30.161 +30 54 28.38
2023 01 26.832078 08 34 28.415 +30 54 12.47
2023 01 26.832161 08 34 26.636 +30 53 56.05
2023 01 26.832243 08 34 24.835 +30 53 39.37
2023 01 26.832325 08 34 23.143 +30 53 22.94
2023 01 26.832391 08 38 05.281 +31 52 53.06
2023 01 26.832407 08 34 21.318 +30 53 06.69
2023 01 26.832572 08 34 17.767 +30 52 33.76
2023 01 26.832654 08 34 16.045 +30 52 17.10
2023 01 26.832736 08 34 14.289 +30 52 00.95
2023 01 26.832818 08 34 12.507 +30 51 44.54
2023 01 26.832901 08 34 10.677 +30 51 27.78
2023 01 26.832915 08 46 49.737 +30 32 55.74
2023 01 26.832946 08 37 53.393 +31 51 18.24
2023 01 26.832983 08 34 08.967 +30 51 10.88
2023 01 26.833065 08 34 07.201 +30 50 55.08
2023 01 26.833146 08 34 05.382 +30 50 38.23
2023 01 26.833230 08 34 03.589 +30 50 21.58
2023 01 26.833312 08 34 01.798 +30 50 05.19
2023 01 26.833393 08 34 00.109 +30 49 49.07
2023 01 26.833475 08 33 58.269 +30 49 31.87
2023 01 26.833502 08 37 41.400 +31 49 42.59
2023 01 26.833557 08 33 56.559 +30 49 15.87
2023 01 26.833639 08 33 54.708 +30 48 58.77
2023 01 26.833720 08 33 52.952 +30 48 42.63
2023 01 26.833803 08 33 51.130 +30 48 25.07
2023 01 26.833887 08 33 49.333 +30 48 08.85
2023 01 26.834086 08 33 45.042 +30 47 28.17
2023 01 26.834165 08 46 32.188 +30 29 32.00
2023 01 26.834251 08 33 41.390 +30 46 53.79
2023 01 26.834333 08 33 39.648 +30 46 37.34
2023 01 26.834415 08 33 37.867 +30 46 20.36
2023 01 26.834497 08 33 36.005 +30 46 03.90
2023 01 26.834580 08 33 34.190 +30 45 46.91
2023 01 26.834613 08 37 17.242 +31 46 28.83
2023 01 26.834662 08 33 32.409 +30 45 29.84
2023 01 26.834744 08 33 30.653 +30 45 13.64
2023 01 26.834990 08 33 25.188 +30 44 23.10
2023 01 26.835102 08 46 18.926 +30 26 58.18
2023 01 26.835154 08 33 21.570 +30 43 48.94
2023 01 26.835236 08 33 19.754 +30 43 31.33
2023 01 26.835318 08 33 17.915 +30 43 15.28
2023 01 26.835400 08 33 16.140 +30 42 57.71
2023 01 26.846000 08 45 02.350 +29 43 22.40
2023 01 26.847380 08 44 42.450 +29 39 06.50
2023 01 26.848750 08 44 22.310 +29 34 46.50
2023 01 26.850230 08 44 00.160 +29 30 01.50
2023 01 26.850839 08 35 57.447 +29 10 38.06
2023 01 26.851222 08 27 00.779 +29 42 37.98
2023 01 26.851329 08 26 58.071 +29 42 11.22
2023 01 26.851435 08 26 55.400 +29 41 44.86
2023 01 26.851540 08 26 52.657 +29 41 17.62
2023 01 26.851646 08 26 49.987 +29 40 51.07
2023 01 26.851751 08 26 47.289 +29 40 24.32
2023 01 26.851857 08 26 44.591 +29 39 57.47
2023 01 26.852067 08 26 39.123 +29 39 03.35
2023 01 26.852112 08 35 31.160 +29 05 42.31
2023 01 26.852279 08 26 33.764 +29 38 10.00
2023 01 26.852384 08 26 30.977 +29 37 42.41
2023 01 26.854323 08 34 44.608 +28 56 57.02
2023 01 26.855207 08 25 17.328 +29 25 25.21
2023 01 26.855291 08 25 15.066 +29 25 02.77
2023 01 26.855376 08 25 12.811 +29 24 40.82
2023 01 26.855459 08 25 10.664 +29 24 18.80
2023 01 26.855541 08 25 08.465 +29 23 56.63
2023 01 26.855788 08 25 01.838 +29 22 50.33
2023 01 26.855870 08 24 59.687 +29 22 27.89
2023 01 26.856036 08 24 55.267 +29 21 43.81
2023 01 26.856119 08 24 53.084 +29 21 21.31
2023 01 26.856201 08 24 50.818 +29 20 59.57
2023 01 26.856278 08 34 16.380 +27 57 45.94
2023 01 26.856286 08 24 48.617 +29 20 36.38
2023 01 26.856370 08 24 46.335 +29 20 13.89
2023 01 26.856620 08 24 39.637 +29 19 06.50
2023 01 26.856702 08 24 37.427 +29 18 43.94
2023 01 26.856748 08 34 07.078 +27 55 42.60
2023 01 26.856785 08 24 35.231 +29 18 20.81
2023 01 26.856867 08 24 33.032 +29 17 58.87
2023 01 26.856950 08 24 30.748 +29 17 36.65
2023 01 26.857033 08 24 28.569 +29 17 14.23
2023 01 26.857115 08 24 26.284 +29 16 51.57
2023 01 26.857213 08 24 23.687 +29 16 24.94
2023 01 26.857222 08 33 57.576 +27 53 37.32
2023 01 26.857379 08 24 19.154 +29 15 39.34
2023 01 26.857690 08 33 48.175 +27 51 33.16
2023 01 26.858170 08 33 38.532 +27 49 26.29
2023 01 26.859129 08 23 31.475 +29 07 34.69
2023 01 26.859213 08 23 29.175 +29 07 11.30
2023 01 26.859297 08 23 26.837 +29 06 47.46
2023 01 26.859381 08 23 24.544 +29 06 23.99
2023 01 26.859464 08 23 22.251 +29 06 00.65
2023 01 26.859548 08 23 19.975 +29 05 37.21
2023 01 26.859631 08 23 17.648 +29 05 13.70
2023 01 26.859714 08 23 15.378 +29 04 50.34
2023 01 26.859797 08 23 13.042 +29 04 26.71
2023 01 26.859881 08 23 10.751 +29 04 03.03
2023 01 26.859964 08 23 08.456 +29 03 39.55
2023 01 26.860130 08 23 03.849 +29 02 52.55
2023 01 26.860212 08 23 01.558 +29 02 29.07
2023 01 26.860295 08 22 59.258 +29 02 05.43
2023 01 26.860379 08 22 56.927 +29 01 41.61
2023 01 26.860462 08 22 54.605 +29 01 17.91
2023 01 26.860547 08 22 52.258 +29 00 53.70
2023 01 26.860714 08 22 47.583 +29 00 06.08
2023 01 26.860797 08 22 45.280 +28 59 42.09
2023 01 26.860963 08 22 40.625 +28 58 54.50
2023 01 26.861046 08 22 38.300 +28 58 30.40
2023 01 26.861130 08 22 35.969 +28 58 06.77
2023 01 26.861213 08 22 33.620 +28 57 42.52
2023 01 26.861296 08 22 31.298 +28 57 18.69
2023 01 26.861380 08 22 28.935 +28 56 54.35
2023 01 26.861464 08 22 26.584 +28 56 30.25
2023 01 26.861548 08 22 24.234 +28 56 05.86
2023 01 26.861631 08 22 21.889 +28 55 41.85
2023 01 26.861715 08 22 19.510 +28 55 17.45
2023 01 26.861798 08 22 17.199 +28 54 53.65
2023 01 26.861882 08 22 14.800 +28 54 28.80
2023 01 26.862036 08 22 10.467 +28 53 44.03
2023 01 26.862120 08 22 08.059 +28 53 19.10
2023 01 26.862204 08 22 05.707 +28 52 54.93
2023 01 26.862288 08 22 03.316 +28 52 30.35
2023 01 26.862372 08 22 00.943 +28 52 05.83
2023 01 26.862455 08 21 58.556 +28 51 41.27
2023 01 26.865720 08 20 24.401 +28 35 23.14
2023 01 26.865806 08 20 21.863 +28 34 56.63
2023 01 26.865891 08 20 19.371 +28 34 30.41
2023 01 26.865976 08 20 16.872 +28 34 03.80
2023 01 26.866060 08 20 14.398 +28 33 38.03
2023 01 26.866143 08 20 11.971 +28 33 12.84
2023 01 26.866226 08 20 09.499 +28 32 47.20
2023 01 26.866310 08 20 07.039 +28 32 21.58
2023 01 26.866393 08 20 04.605 +28 31 55.72
2023 01 26.866477 08 20 02.149 +28 31 29.70
2023 01 26.866562 08 19 59.606 +28 31 03.24
2023 01 26.866728 08 19 54.671 +28 30 11.29
2023 01 26.866896 08 19 49.749 +28 29 19.54
2023 01 26.866979 08 19 47.244 +28 28 53.56
2023 01 26.867063 08 19 44.750 +28 28 26.99
2023 01 26.867147 08 19 42.284 +28 28 00.98
2023 01 26.867231 08 19 39.768 +28 27 34.66
2023 01 26.867315 08 19 37.276 +28 27 08.63
2023 01 26.867399 08 19 34.808 +28 26 41.45
2023 01 26.867482 08 19 32.287 +28 26 15.97
2023 01 26.867566 08 19 29.769 +28 25 49.40
2023 01 26.867650 08 19 27.267 +28 25 23.09
2023 01 26.867734 08 19 24.748 +28 24 56.57
2023 01 26.867818 08 19 22.235 +28 24 30.10
2023 01 26.870183 08 18 10.608 +28 11 51.14
2023 01 26.870268 08 18 07.994 +28 11 23.24
2023 01 26.870354 08 18 05.363 +28 10 55.24
2023 01 26.870439 08 18 02.757 +28 10 27.40
2023 01 26.870524 08 18 00.110 +28 09 58.94
2023 01 26.870608 08 17 57.567 +28 09 32.27
2023 01 26.870692 08 17 54.975 +28 09 04.39
2023 01 26.870776 08 17 52.385 +28 08 36.97
2023 01 26.870860 08 17 49.792 +28 08 09.31
2023 01 26.870944 08 17 47.205 +28 07 41.66
2023 01 26.871027 08 17 44.603 +28 07 13.78
2023 01 26.871111 08 17 42.042 +28 06 46.36
2023 01 26.871195 08 17 39.430 +28 06 18.51
2023 01 26.871279 08 17 36.804 +28 05 50.62
2023 01 26.871363 08 17 34.211 +28 05 22.52
2023 01 26.871447 08 17 31.617 +28 04 54.72
2023 01 26.871531 08 17 29.010 +28 04 26.85
2023 01 26.871616 08 17 26.340 +28 03 58.57
2023 01 26.871700 08 17 23.769 +28 03 31.10
2023 01 26.871784 08 17 21.092 +28 03 02.37
2023 01 26.871868 08 17 18.486 +28 02 34.56
2023 01 26.871952 08 17 15.906 +28 02 06.70
2023 01 26.872035 08 17 13.288 +28 01 38.85
2023 01 26.872120 08 17 10.655 +28 01 10.93
2023 01 26.872203 08 17 08.069 +28 00 42.06
2023 01 26.872286 08 17 05.446 +28 00 14.49
2023 01 26.872370 08 17 02.823 +27 59 46.06
2023 01 26.872454 08 17 00.180 +27 59 17.72
2023 01 26.872538 08 16 57.535 +27 58 49.15
2023 01 26.872746 08 16 50.995 +27 57 39.40
2023 01 26.872969 08 27 23.244 +27 31 43.06
2023 01 26.872999 08 16 43.053 +27 56 13.15
2023 01 26.873083 08 16 40.377 +27 55 44.73
2023 01 26.873167 08 16 37.754 +27 55 16.40
2023 01 26.873336 08 16 32.415 +27 54 18.61
2023 01 26.875087 08 26 26.962 +27 20 34.44
2023 01 26.875482 08 15 23.709 +27 41 54.33
2023 01 26.875568 08 15 20.899 +27 41 23.94
2023 01 26.875654 08 15 18.150 +27 40 53.82
2023 01 26.875740 08 15 15.345 +27 40 23.45
2023 01 26.875826 08 15 12.597 +27 39 53.42
2023 01 26.875911 08 15 09.780 +27 39 22.62
2023 01 26.875996 08 15 07.025 +27 38 52.74
2023 01 26.876082 08 15 04.225 +27 38 22.17
2023 01 26.876167 08 15 01.383 +27 37 51.63
2023 01 26.876252 08 14 58.706 +27 37 22.08
2023 01 26.876336 08 14 55.912 +27 36 52.22
2023 01 26.876421 08 14 53.170 +27 36 22.08
2023 01 26.876505 08 14 50.443 +27 35 51.46
2023 01 26.876589 08 14 47.697 +27 35 20.94
2023 01 26.876673 08 14 44.915 +27 34 51.31
2023 01 26.876758 08 14 42.214 +27 34 21.33
2023 01 26.876842 08 14 39.351 +27 33 50.97
2023 01 26.876926 08 14 36.626 +27 33 20.34
2023 01 26.877011 08 14 33.827 +27 32 49.86
2023 01 26.877095 08 14 31.012 +27 32 19.95
2023 01 26.877180 08 14 28.217 +27 31 48.58
2023 01 26.877264 08 14 25.470 +27 31 18.45
2023 01 26.877348 08 14 22.724 +27 30 49.05
2023 01 26.877433 08 14 19.934 +27 30 17.67
2023 01 26.877517 08 14 17.147 +27 29 47.00
2023 01 26.880491 08 12 37.294 +27 11 23.41
2023 01 26.880576 08 12 34.402 +27 10 51.55
2023 01 26.880661 08 12 31.457 +27 10 18.95
2023 01 26.880748 08 12 28.524 +27 09 46.21
2023 01 26.880831 08 12 25.647 +27 09 14.32
2023 01 26.880915 08 12 22.784 +27 08 42.29
2023 01 26.881000 08 12 19.886 +27 08 09.97
2023 01 26.881084 08 12 17.018 +27 07 37.50
2023 01 26.881168 08 12 14.130 +27 07 05.54
2023 01 26.881253 08 12 11.210 +27 06 33.27
2023 01 26.881336 08 12 08.324 +27 06 01.14
2023 01 26.881421 08 12 05.435 +27 05 28.55
2023 01 26.881505 08 12 02.532 +27 04 56.20
2023 01 26.881590 08 11 59.619 +27 04 23.66
2023 01 26.881674 08 11 56.674 +27 03 51.02
2023 01 26.881759 08 11 53.727 +27 03 18.41
2023 01 26.881843 08 11 50.820 +27 02 45.63
2023 01 26.881927 08 11 47.890 +27 02 12.76
2023 01 26.882181 08 11 39.110 +27 00 34.18
2023 01 26.882265 08 11 36.174 +27 00 01.76
2023 01 26.882349 08 11 33.275 +26 59 29.35
2023 01 26.882434 08 11 30.331 +26 58 56.11
2023 01 26.882518 08 11 27.406 +26 58 23.49
2023 01 26.882603 08 11 24.413 +26 57 49.48
2023 01 26.882771 08 11 18.527 +26 56 44.04
2023 01 26.882856 08 11 15.613 +26 56 11.07
2023 01 26.882940 08 11 12.609 +26 55 37.53
2023 01 26.883024 08 11 09.686 +26 55 04.13
2023 01 26.885359 08 09 46.829 +26 39 28.23
2023 01 26.885444 08 09 43.724 +26 38 52.91
2023 01 26.885531 08 09 40.642 +26 38 17.86
2023 01 26.885615 08 09 37.598 +26 37 42.50
2023 01 26.885700 08 09 34.538 +26 37 08.60
2023 01 26.885785 08 09 31.427 +26 36 33.05
2023 01 26.885800 08 22 52.150 +26 13 04.40
2023 01 26.885870 08 09 28.375 +26 35 58.34
2023 01 26.885955 08 09 25.314 +26 35 23.56
2023 01 26.886039 08 09 22.262 +26 34 48.69
2023 01 26.886125 08 09 19.215 +26 34 12.63
2023 01 26.886210 08 09 16.084 +26 33 38.31
2023 01 26.886379 08 09 09.942 +26 32 28.11
2023 01 26.886410 08 22 34.190 +26 09 17.40
2023 01 26.886464 08 09 06.840 +26 31 52.78
2023 01 26.886549 08 09 03.753 +26 31 17.56
2023 01 26.886634 08 09 00.667 +26 30 42.32
2023 01 26.886719 08 08 57.532 +26 30 06.60
2023 01 26.886804 08 08 54.461 +26 29 31.62
2023 01 26.886973 08 08 48.314 +26 28 20.69
2023 01 26.886990 08 22 16.640 +26 05 34.50
2023 01 26.887058 08 08 45.157 +26 27 45.06
2023 01 26.887142 08 08 42.081 +26 27 09.97
2023 01 26.887226 08 08 38.983 +26 26 33.91
2023 01 26.887311 08 08 35.888 +26 25 58.72
2023 01 26.887396 08 08 32.754 +26 25 23.07
2023 01 26.887481 08 08 29.634 +26 24 47.20
2023 01 26.887651 08 08 23.423 +26 23 35.33
2023 01 26.890411 08 06 40.022 +26 03 41.58
2023 01 26.890498 08 06 36.755 +26 03 03.65
2023 01 26.890583 08 06 33.493 +26 02 25.91
2023 01 26.890669 08 06 30.241 +26 01 47.73
2023 01 26.890755 08 06 26.939 +26 01 09.44
2023 01 26.890841 08 06 23.646 +26 00 31.33
2023 01 26.890927 08 06 20.363 +25 59 52.86
2023 01 26.891012 08 06 17.116 +25 59 15.12
2023 01 26.891097 08 06 13.857 +25 58 37.13
2023 01 26.891183 08 06 10.597 +25 57 59.35
2023 01 26.891268 08 06 07.278 +25 57 20.64
2023 01 26.893832 08 04 27.506 +25 37 48.92
2023 01 26.893917 08 04 24.059 +25 37 08.26
2023 01 26.894003 08 04 20.680 +25 36 29.03
2023 01 26.894090 08 04 17.246 +25 35 48.22
2023 01 26.894176 08 04 13.823 +25 35 07.66
2023 01 26.894262 08 04 10.407 +25 34 27.46
2023 01 26.894432 08 04 03.657 +25 33 07.71
2023 01 26.894602 08 03 56.838 +25 31 46.71
2023 01 26.894687 08 03 53.494 +25 31 06.83
2023 01 26.894857 08 03 46.632 +25 29 45.63
2023 01 26.894942 08 03 43.268 +25 29 05.28
2023 01 26.895028 08 03 39.808 +25 28 24.34
2023 01 26.895115 08 03 36.385 +25 27 43.78
2023 01 26.895200 08 03 32.880 +25 27 02.05
2023 01 26.895285 08 03 29.531 +25 26 22.09
2023 01 26.897196 08 02 11.860 +25 10 54.90
2023 01 26.897282 08 02 08.314 +25 10 12.27
2023 01 26.897368 08 02 04.814 +25 09 29.83
2023 01 26.897455 08 02 01.180 +25 08 46.61
2023 01 26.897629 08 01 54.016 +25 07 19.88
2023 01 26.897716 08 01 50.424 +25 06 37.16
2023 01 26.897802 08 01 46.862 +25 05 55.45
2023 01 26.897973 08 01 39.691 +25 04 28.93
2023 01 26.898059 08 01 36.146 +25 03 46.01
2023 01 26.898144 08 01 32.678 +25 03 03.73
2023 01 26.898230 08 01 29.066 +25 02 20.79
2023 01 26.898400 08 01 21.927 +25 00 55.10
2023 01 26.898485 08 01 18.445 +25 00 12.11
2023 01 26.901343 07 59 17.083 +24 35 37.06
2023 01 26.901428 07 59 13.434 +24 34 52.68
2023 01 26.901513 07 59 09.725 +24 34 07.13
2023 01 26.901598 07 59 06.055 +24 33 22.09
2023 01 26.901683 07 59 02.344 +24 32 36.70
2023 01 26.901770 07 58 58.569 +24 31 50.83
2023 01 26.901855 07 58 54.874 +24 31 04.84
2023 01 26.901940 07 58 51.191 +24 30 19.90
2023 01 26.902027 07 58 47.401 +24 29 33.28
2023 01 26.902112 07 58 43.703 +24 28 47.88
2023 01 26.902284 07 58 36.244 +24 27 16.21
2023 01 26.902369 07 58 32.507 +24 26 30.09
2023 01 26.902455 07 58 28.741 +24 25 43.81
2023 01 26.902540 07 58 24.994 +24 24 57.76
2023 01 26.902627 07 58 21.211 +24 24 11.01
2023 01 26.902713 07 58 17.454 +24 23 24.71
2023 01 26.902799 07 58 13.609 +24 22 37.86
2023 01 26.902885 07 58 09.829 +24 21 50.81
2023 01 26.903143 07 57 58.498 +24 19 31.25
2023 01 26.903229 07 57 54.702 +24 18 44.37
2023 01 26.903315 07 57 50.880 +24 17 56.85
2023 01 26.905411 07 56 16.986 +23 58 30.56
2023 01 26.905498 07 56 13.003 +23 57 40.56
2023 01 26.905672 07 56 05.031 +23 56 01.24
2023 01 26.905759 07 56 01.111 +23 55 12.15
2023 01 26.905846 07 55 57.141 +23 54 22.53
2023 01 26.906020 07 55 49.185 +23 52 42.34
2023 01 26.906108 07 55 45.190 +23 51 52.34
2023 01 26.906279 07 55 37.325 +23 50 13.67
2023 01 26.906366 07 55 33.334 +23 49 23.94
2023 01 26.906452 07 55 29.344 +23 48 33.93
2023 01 26.906538 07 55 25.422 +23 47 44.13
2023 01 26.906624 07 55 21.449 +23 46 54.37
2023 01 26.906711 07 55 17.483 +23 46 04.70
2023 01 26.906796 07 55 13.497 +23 45 14.80
2023 01 26.906884 07 55 09.438 +23 44 24.16
2023 01 26.906970 07 55 05.437 +23 43 33.25
2023 01 26.907056 07 55 01.474 +23 42 43.48
2023 01 26.907143 07 54 57.465 +23 41 52.61
2023 01 26.911228 07 51 42.888 +23 00 36.20
2023 01 26.911315 07 51 38.599 +22 59 41.18
2023 01 26.911403 07 51 34.384 +22 58 46.64
2023 01 26.911489 07 51 30.049 +22 57 51.01
2023 01 26.914365 07 49 06.229 +22 26 45.09
2023 01 26.914453 07 49 01.814 +22 25 47.20
2023 01 26.914713 07 48 48.515 +22 22 53.36
2023 01 26.914887 07 48 39.636 +22 20 56.36
2023 01 26.914973 07 48 35.134 +22 19 57.86
2023 01 26.915059 07 48 30.729 +22 18 59.71
2023 01 26.915146 07 48 26.252 +22 18 01.57
2023 01 26.918725 07 45 17.363 +21 36 18.15
2023 01 26.918811 07 45 12.647 +21 35 15.26
2023 01 26.918898 07 45 08.024 +21 34 13.13
2023 01 26.921730 07 42 31.269 +20 58 59.36
2023 01 26.921905 07 42 21.422 +20 56 45.00
2023 01 26.922078 07 42 11.571 +20 54 30.79
2023 01 26.922165 07 42 06.708 +20 53 24.37
2023 01 26.922251 07 42 01.775 +20 52 17.22
2023 01 26.922337 07 41 56.900 +20 51 11.01
2023 01 26.924882 07 39 29.295 +20 17 23.17
2023 01 26.924969 07 39 24.170 +20 16 12.30
2023 01 26.925056 07 39 18.999 +20 15 00.83
2023 01 26.925144 07 39 13.786 +20 13 49.02
2023 01 26.925406 07 38 58.194 +20 10 12.78
2023 01 26.925494 07 38 53.005 +20 09 00.54
2023 01 26.929594 07 34 40.850 +19 10 02.88
2023 01 26.929681 07 34 35.354 +19 08 44.55
2023 01 26.929767 07 34 29.864 +19 07 26.43
2023 01 26.929854 07 34 24.321 +19 06 07.97
2023 01 26.929942 07 34 18.723 +19 04 48.07
2023 01 26.930029 07 34 13.207 +19 03 30.19
2023 01 26.930549 07 54 32.086 +17 57 55.91
2023 01 26.930640 07 54 27.295 +17 56 35.16
2023 01 26.932502 07 52 47.124 +17 28 18.16
2023 01 26.933568 07 51 48.274 +17 11 34.37
2023 01 26.934503 07 29 17.127 +17 52 24.86
2023 01 26.935894 07 49 35.810 +16 33 35.28
2023 01 26.937219 07 42 31.320 +17 26 41.90
2023 01 26.937369 07 42 21.380 +17 24 07.40
2023 01 26.937437 07 48 04.788 +16 07 13.30
2023 01 26.937519 07 42 11.360 +17 21 33.40
2023 01 26.938673 07 46 49.934 +15 45 23.83
2023 01 26.942423 07 42 51.528 +14 34 57.00
2023 01 26.943570 07 41 34.978 +14 12 02.41
2023 01 26.944330 07 53 32.370 +17 49 08.90
2023 01 26.944360 07 53 30.190 +17 48 34.60
2023 01 26.944400 07 53 27.850 +17 47 56.60
2023 01 26.944430 07 53 25.530 +17 47 19.50
2023 01 26.944480 07 53 22.200 +17 46 26.50
2023 01 26.944670 07 40 19.915 +13 49 26.58
2023 01 26.945403 07 15 35.917 +14 26 28.84
2023 01 26.945579 07 15 21.381 +14 22 42.99
2023 01 26.945757 07 15 06.367 +14 18 51.05
2023 01 26.945931 07 14 51.766 +14 15 04.28
2023 01 26.946019 07 14 44.332 +14 13 09.00
2023 01 26.946106 07 14 37.188 +14 11 17.07
2023 01 26.946193 07 14 29.845 +14 09 22.71
2023 01 26.946384 07 38 19.382 +13 12 52.60
2023 01 26.946454 07 14 07.860 +14 03 40.36
2023 01 26.946542 07 14 00.375 +14 01 44.55
2023 01 26.947415 07 37 04.831 +12 50 06.43
2023 01 26.948458 07 35 47.616 +12 26 22.63
2023 01 26.948840 07 10 41.442 +13 09 43.43
2023 01 26.948928 07 10 33.730 +13 07 41.70
2023 01 26.949016 07 10 25.963 +13 05 39.13
2023 01 26.949190 07 10 10.403 +13 01 33.23
2023 01 26.949277 07 10 02.655 +12 59 30.55
2023 01 26.950039 07 33 47.213 +11 49 07.54
2023 01 26.951627 07 31 42.014 +11 10 03.58
2023 01 26.953752 07 28 47.098 +10 14 56.00
2023 01 26.954721 07 27 24.382 +09 48 39.20
2023 01 26.958107 07 22 19.649 +08 10 43.75
2023 01 26.960521 07 18 25.939 +06 54 32.08
2023 01 27.258110 16 54 16.620 +28 47 29.40
2023 01 27.259580 16 53 52.540 +28 51 47.10
2023 01 27.261040 16 53 28.720 +28 55 59.80
2023 01 27.491039 06 25 54.484 +33 37 27.70
2023 01 27.506155 06 24 15.239 +33 53 06.43
2023 01 27.532179 06 21 25.164 +34 17 22.38
2023 01 27.532315 06 21 24.289 +34 17 29.65
2023 01 27.532451 06 21 23.386 +34 17 36.38
2023 01 27.532600 06 21 22.428 +34 17 44.48
2023 01 27.544623 06 19 32.506 +34 26 32.74
2023 01 27.547983 06 19 10.920 +34 29 09.48
2023 01 27.548313 06 19 41.239 +34 30 45.25
2023 01 27.548449 06 19 40.375 +34 30 51.84
2023 01 27.548720 06 19 38.622 +34 31 04.51
2023 01 27.551699 06 18 47.162 +34 31 59.05
2023 01 27.555295 06 18 24.252 +34 34 39.42
2023 01 27.555604 06 18 54.400 +34 36 28.94
2023 01 27.555726 06 18 53.618 +34 36 33.48
2023 01 27.555850 06 18 52.808 +34 36 40.14
2023 01 27.555972 06 18 52.067 +34 36 45.54
2023 01 27.560339 06 18 24.808 +34 39 55.44
2023 01 27.560475 06 18 23.944 +34 40 01.60
2023 01 27.560610 06 18 23.072 +34 40 07.43
2023 01 27.560746 06 18 22.234 +34 40 13.44
2023 01 27.965571 06 05 55.216 +36 16 01.71
2023 01 27.967097 06 05 52.708 +36 16 45.51
2023 01 27.973704 06 05 41.302 +36 19 40.00
2023 01 27.974072 06 05 40.704 +36 19 48.85
2023 01 27.974255 06 05 40.425 +36 19 54.31
2023 01 27.974618 06 05 39.695 +36 20 04.06
2023 01 27.974799 06 05 39.425 +36 20 09.61
2023 01 27.976893 06 05 35.736 +36 21 03.16
2023 01 27.977191 06 05 35.215 +36 21 12.10
2023 01 27.977488 06 05 34.698 +36 21 19.80
2023 01 27.980135 06 05 29.824 +36 22 30.04
2023 01 27.984903 06 05 21.375 +36 24 33.74
2023 01 27.985432 06 05 20.407 +36 24 48.09
2023 01 27.987136 06 05 17.072 +36 25 30.85
2023 01 27.987317 06 05 16.683 +36 25 35.61
2023 01 27.987501 06 05 16.378 +36 25 41.38
2023 01 27.987865 06 05 15.740 +36 25 51.88
2023 01 27.988047 06 05 15.357 +36 25 55.16
2023 01 27.988411 06 05 14.670 +36 26 04.72
2023 01 27.988593 06 05 14.392 +36 26 08.85
2023 01 27.988957 06 05 13.712 +36 26 19.51
2023 01 27.991140 06 05 09.558 +36 27 14.98
2023 01 27.991322 06 05 09.271 +36 27 19.82
2023 01 27.991505 06 05 08.880 +36 27 23.98
2023 01 27.991689 06 05 08.572 +36 27 28.59
2023 01 27.991870 06 05 08.201 +36 27 33.04
2023 01 27.992054 06 05 07.984 +36 27 37.41
2023 01 27.992964 06 05 06.135 +36 28 00.97
2023 01 27.994420 06 05 03.396 +36 28 37.66
2023 01 27.994602 06 05 02.931 +36 28 44.22
2023 01 27.995695 06 05 00.926 +36 29 10.11
2023 01 27.996242 06 04 59.767 +36 29 25.37
2023 01 27.996607 06 04 59.127 +36 29 34.22
2023 01 27.998217 06 04 56.153 +36 30 14.66
2023 01 27.998401 06 04 55.672 +36 30 18.97
2023 01 27.998770 06 04 54.970 +36 30 28.35
2023 01 27.998953 06 04 54.587 +36 30 32.28
2023 01 27.999688 06 04 53.163 +36 30 50.90
2023 01 27.999870 06 04 52.722 +36 30 55.13
2023 01 28.001147 06 04 50.292 +36 31 26.89
2023 01 28.001694 06 04 49.152 +36 31 41.10
2023 01 28.002790 06 04 47.085 +36 32 08.60
2023 01 28.003901 06 04 44.901 +36 32 35.35
2023 01 28.005546 06 04 41.570 +36 33 16.67
2023 01 28.006461 06 04 39.767 +36 33 39.58
2023 01 28.006643 06 04 39.327 +36 33 44.31
2023 01 28.006826 06 04 39.062 +36 33 48.60
2023 01 28.011026 06 04 30.628 +36 35 29.27
2023 01 28.011622 06 04 29.335 +36 35 44.17
2023 01 28.012815 06 04 26.926 +36 36 13.40
2023 01 28.013710 06 04 24.979 +36 36 35.49
2023 01 28.014009 06 04 24.310 +36 36 43.55
2023 01 28.014307 06 04 23.868 +36 36 49.07
2023 01 28.015202 06 04 21.991 +36 37 10.18
2023 01 28.015501 06 04 21.382 +36 37 17.91
2023 01 28.016995 06 04 18.298 +36 37 54.18
2023 01 28.019951 06 04 12.046 +36 39 04.41
2023 01 28.020853 06 04 10.106 +36 39 26.74
2023 01 28.021151 06 04 09.427 +36 39 33.50
2023 01 28.021450 06 04 08.870 +36 39 40.31
2023 01 28.022349 06 04 06.989 +36 40 01.32
2023 01 28.022648 06 04 06.306 +36 40 08.63
2023 01 28.023547 06 04 04.403 +36 40 30.13
2023 01 28.024145 06 04 03.248 +36 40 42.63
2023 01 28.025041 06 04 01.360 +36 41 02.76
2023 01 28.025340 06 04 00.639 +36 41 11.03
2023 01 28.025937 06 03 59.422 +36 41 24.74
2023 01 28.026835 06 03 57.541 +36 41 44.71
2023 01 28.027156 06 03 56.849 +36 41 52.19
2023 01 28.027769 06 03 55.578 +36 42 06.62
2023 01 28.028068 06 03 54.854 +36 42 13.80
2023 01 28.028367 06 03 54.130 +36 42 21.89
2023 01 28.028666 06 03 53.609 +36 42 27.06
2023 01 28.029564 06 03 51.698 +36 42 47.55
2023 01 28.029863 06 03 50.997 +36 42 54.72
2023 01 28.030162 06 03 50.193 +36 43 01.95
2023 01 28.030461 06 03 49.754 +36 43 08.80
2023 01 28.030760 06 03 48.990 +36 43 16.17
2023 01 28.031071 06 03 48.350 +36 43 23.72
2023 01 28.031370 06 03 47.748 +36 43 29.44
2023 01 28.032596 06 03 45.040 +36 43 57.17
2023 01 28.033516 06 03 42.965 +36 44 19.15
2023 01 28.033825 06 03 42.216 +36 44 26.56
2023 01 28.034748 06 03 40.321 +36 44 46.82
2023 01 28.035346 06 03 39.147 +36 44 58.43
2023 01 28.036246 06 03 37.030 +36 45 20.22
2023 01 28.036546 06 03 36.414 +36 45 27.53
2023 01 28.036846 06 03 35.640 +36 45 33.98
2023 01 28.038043 06 03 33.179 +36 45 59.88
2023 01 28.039242 06 03 30.395 +36 46 27.59
2023 01 28.039841 06 03 29.278 +36 46 38.91
2023 01 28.040141 06 03 28.368 +36 46 47.11
2023 01 30.969782 05 43 10.122 +39 42 32.55
2023 01 31.912811 05 41 44.260 +39 51 37.30
2023 01 31.919031 05 41 41.926 +39 52 00.58
